100	1	0.808	12254
101	1	1.151	8771
102	1	1.181	8727
103	1	1.149	9142
104	1	1.141	9391
105	1	1.147	9524
106	1	1.136	9795
107	1	1.120	10123
108	1	1.163	9934
109	1	1.175	10015
110	1	1.174	10214
111	1	1.174	10402
112	1	1.195	10399
113	1	1.146	11041
114	1	1.172	10992
115	1	1.168	11224
116	1	1.164	11463
117	1	1.199	11317
118	1	1.214	11374
119	1	1.191	11790
120	1	1.200	11903
121	1	1.134	12802
122	1	1.159	12735
123	1	1.209	12412
124	1	1.171	13026
125	1	1.166	13299
126	1	1.188	13259
127	1	1.214	13176
128	1	1.206	13485
129	1	1.170	14108
130	1	1.162	14430
131	1	1.187	14343
132	1	1.197	14452
133	1	1.204	14578
134	1	1.200	14854
135	1	1.221	14810
136	1	1.228	14956
137	1	1.177	15827
138	1	1.172	16127
139	1	1.176	16305
140	1	1.196	16266
141	1	1.200	16456
142	1	1.212	16521
143	1	1.227	16555
144	1	1.197	17202
145	1	1.139	18327
146	1	1.156	18316
147	1	1.200	17890
148	1	1.229	17699
149	1	1.239	17796
150	1	1.202	18593
151	1	1.221	18543
152	1	1.233	18609
153	1	1.191	19530
154	1	1.195	19714
155	1	1.201	19879
156	1	1.199	20170
157	1	1.236	19808
158	1	1.207	20557
159	1	1.232	20384
160	1	1.247	20398
161	1	1.194	21569
162	1	1.207	21610
163	1	1.215	21732
164	1	1.218	21954
165	1	1.242	21785
166	1	1.232	22239
167	1	1.246	22257
168	1	1.243	22567
169	1	1.190	23851
170	1	1.205	23844
171	1	1.216	23897
172	1	1.228	23951
173	1	1.220	24400
174	1	1.225	24574
175	1	1.249	24386
176	1	1.244	24755
177	1	1.203	25906
178	1	1.194	26389
179	1	1.212	26298
180	1	1.225	26298
181	1	1.209	26943
182	1	1.242	26528
183	1	1.236	26941
184	1	1.250	26930
185	1	1.198	28418
186	1	1.206	28523
187	1	1.212	28695
188	1	1.232	28540
189	1	1.235	28769
190	1	1.233	29118
191	1	1.223	29665
192	1	1.243	29509
193	1	1.195	31019
194	1	1.210	30938
195	1	1.232	30707
196	1	1.245	30704
197	1	1.247	30961
198	1	1.238	31497
199	1	1.256	31379
200	1	1.242	32043
201	1	1.219	32971
202	1	1.220	33278
203	1	1.211	33859
204	1	1.233	33598
205	1	1.234	33882
206	1	1.238	34122
207	1	1.246	34231
208	1	1.256	34268
209	1	1.220	35627
210	1	1.225	35814
211	1	1.233	35926
212	1	1.240	36081
213	1	1.236	36534
214	1	1.235	36917
215	1	1.251	36788
216	1	1.255	37009
217	1	1.212	38674
218	1	1.209	39117
219	1	1.231	38768
220	1	1.235	39027
221	1	1.241	39190
222	1	1.242	39491
223	1	1.236	40044
224	1	1.251	39937
225	1	1.219	41353
226	1	1.220	41681
227	1	1.229	41744
228	1	1.239	41786
229	1	1.236	42247
230	1	1.244	42325
231	1	1.235	43005
232	1	1.258	42593
233	1	1.222	44228
234	1	1.223	44592
235	1	1.240	44356
236	1	1.237	44838
237	1	1.241	45071
238	1	1.245	45302
239	1	1.254	45354
240	1	1.250	45877
241	1	1.222	47323
242	1	1.231	47368
243	1	1.237	47555
244	1	1.233	48069
245	1	1.242	48144
246	1	1.242	48524
247	1	1.250	48621
248	1	1.251	48969
249	1	1.218	50683
250	1	1.224	50863
251	1	1.237	50744
252	1	1.236	51180
253	1	1.238	51503
254	1	1.243	51710
255	1	1.259	51449
256	1	1.249	52281
257	1	1.209	54425
258	1	1.226	54089
259	1	1.231	54285
260	1	1.232	54679
261	1	1.242	54618
262	1	1.238	55224
263	1	1.261	54646
264	1	1.262	55023
265	1	1.214	57634
266	1	1.229	57341
267	1	1.213	58538
268	1	1.238	57776
269	1	1.245	57907
270	1	1.239	58609
271	1	1.244	58822
272	1	1.254	58782
273	1	1.150	64559
274	1	1.137	65779
275	1	1.158	65088
276	1	1.160	65443
277	1	1.172	65216
278	1	1.168	65921
279	1	1.175	66029
280	1	1.181	66161
281	1	1.135	69294
282	1	1.135	69789
283	1	1.136	70246
284	1	1.144	70225
285	1	1.146	70648
286	1	1.173	69482
287	1	1.175	69864
288	1	1.180	70075
289	1	1.140	72984
290	1	1.144	73229
291	1	1.145	73673
292	1	1.142	74413
293	1	1.157	73962
294	1	1.156	74544
295	1	1.158	74865
296	1	1.164	74997
297	1	1.139	77155
298	1	1.137	77874
299	1	1.144	77884
300	1	1.149	78080
301	1	1.150	78545
302	1	1.159	78398
303	1	1.161	78801
304	1	1.167	78933
305	1	1.147	80859
306	1	1.140	81865
307	1	1.150	81687
308	1	1.149	82297
309	1	1.155	82396
310	1	1.157	82812
311	1	1.155	83446
312	1	1.168	83079
313	1	1.148	85072
314	1	1.143	85994
315	1	1.146	86305
316	1	1.150	86593
317	1	1.156	86652
318	1	1.158	87021
319	1	1.166	87027
320	1	1.169	87351
321	1	1.143	89870
322	1	1.141	90586
323	1	1.148	90633
324	1	1.151	90935
325	1	1.153	91289
326	1	1.157	91552
327	1	1.164	91550
328	1	1.164	92174
329	1	1.134	95188
330	1	1.147	94695
331	1	1.154	94668
332	1	1.147	95774
333	1	1.159	95400
334	1	1.158	96039
335	1	1.162	96264
336	1	1.167	96440
337	1	1.154	98098
338	1	1.152	98868
339	1	1.157	98996
340	1	1.153	99958
341	1	1.149	100903
342	1	1.167	99972
343	1	1.166	100646
344	1	1.171	100760
345	1	1.148	103406
346	1	1.147	104069
347	1	1.150	104403
348	1	1.151	104956
349	1	1.157	105004
350	1	1.164	104958
351	1	1.164	105538
352	1	1.167	105871
353	1	1.154	107649
354	1	1.150	108694
355	1	1.152	109131
356	1	1.156	109345
357	1	1.158	109793
358	1	1.162	110006
359	1	1.165	110297
360	1	1.166	110860
361	1	1.151	112876
362	1	1.157	112910
363	1	1.159	113386
364	1	1.165	113432
365	1	1.165	114012
366	1	1.167	114517
367	1	1.171	114662
368	1	1.172	115205
369	1	1.155	117564
370	1	1.142	119602
371	1	1.135	120984
372	1	1.160	118961
373	1	1.157	119898
374	1	1.164	119874
375	1	1.170	119877
376	1	1.166	120880
377	1	1.157	122548
378	1	1.157	123122
379	1	1.160	123485
380	1	1.164	123704
381	1	1.168	123980
382	1	1.169	124539
383	1	1.168	125245
384	1	1.172	125448
385	1	1.159	127550
386	1	1.154	128821
387	1	1.154	129448
388	1	1.160	129416
389	1	1.162	129860
390	1	1.168	129875
391	1	1.174	129873
392	1	1.180	129937
393	1	1.156	133260
394	1	1.159	133623
395	1	1.159	134272
396	1	1.166	134153
397	1	1.167	134733
398	1	1.169	135212
399	1	1.173	135425
400	1	1.174	135889
401	1	1.157	138622
402	1	1.159	139088
403	1	1.160	139661
404	1	1.165	139760
405	1	1.166	140280
406	1	1.170	140536
407	1	1.173	140928
408	1	1.179	140852
409	1	1.160	143869
410	1	1.152	145578
411	1	1.155	145896
412	1	1.157	146328
413	1	1.161	146599
414	1	1.163	147046
415	1	1.169	147011
416	1	1.175	146942
417	1	1.161	149423
418	1	1.155	150946
419	1	1.159	151063
420	1	1.158	151905
421	1	1.162	152214
422	1	1.175	151198
423	1	1.171	152422
424	1	1.176	152512
425	1	1.167	154477
426	1	1.158	156413
427	1	1.159	156910
428	1	1.161	157374
429	1	1.173	156473
430	1	1.171	157473
431	1	1.175	157783
432	1	1.180	157800
433	1	1.163	160863
434	1	1.156	162553
435	1	1.162	162414
436	1	1.164	162880
437	1	1.167	163249
438	1	1.171	163465
439	1	1.174	163771
440	1	1.171	165007
441	1	1.162	166939
442	1	1.160	168014
443	1	1.163	168365
444	1	1.165	168809
445	1	1.167	169344
446	1	1.170	169616
447	1	1.174	169821
448	1	1.177	170079
449	1	1.165	172593
450	1	1.158	174438
451	1	1.163	174566
452	1	1.162	175487
453	1	1.166	175636
454	1	1.170	175831
455	1	1.175	175838
456	1	1.177	176320
457	1	1.164	179044
458	1	1.159	180613
459	1	1.162	180891
460	1	1.165	181294
461	1	1.175	180509
462	1	1.172	181711
463	1	1.173	182393
464	1	1.176	182655
465	1	1.169	184593
466	1	1.164	186184
467	1	1.168	186295
468	1	1.169	187010
469	1	1.178	186397
470	1	1.179	186979
471	1	1.181	187484
472	1	1.178	188741
473	1	1.168	191158
474	1	1.164	192582
475	1	1.166	193061
476	1	1.171	193121
477	1	1.176	192997
478	1	1.174	194293
479	1	1.177	194533
480	1	1.182	194568
481	1	1.167	197904
482	1	1.162	199437
483	1	1.166	199717
484	1	1.170	199835
485	1	1.169	200727
486	1	1.174	200784
487	1	1.175	201366
488	1	1.181	201305
489	1	1.167	204441
490	1	1.162	206277
491	1	1.163	206801
492	1	1.164	207584
493	1	1.171	207217
494	1	1.172	207719
495	1	1.180	207266
496	1	1.183	207585
497	1	1.164	211785
498	1	1.161	213223
499	1	1.166	213069
500	1	1.170	213208
501	1	1.169	214307
502	1	1.170	214879
503	1	1.177	214610
504	1	1.178	215205
505	1	1.168	217963
506	1	1.162	219998
507	1	1.167	219909
508	1	1.169	220331
509	1	1.167	221511
510	1	1.169	222134
511	1	1.171	222496
512	1	1.174	222764
513	1	1.168	224925
514	1	1.157	227950
515	1	1.168	226662
516	1	1.168	227452
517	1	1.170	227941
518	1	1.161	230575
519	1	1.173	229285
520	1	1.176	229560
521	1	1.153	234875
522	1	1.160	234538
523	1	1.158	235753
524	1	1.158	236694
525	1	1.163	236622
526	1	1.163	237511
527	1	1.148	241399
528	1	1.172	237351
529	1	1.170	238791
530	1	1.162	241222
531	1	1.164	241853
532	1	1.166	242203
533	1	1.170	242313
534	1	1.177	241878
535	1	1.175	243060
536	1	1.177	243564
537	1	1.168	246380
538	1	1.167	247582
539	1	1.170	247778
540	1	1.169	249066
541	1	1.172	249209
542	1	1.177	249211
543	1	1.177	250145
544	1	1.181	250079
545	1	1.170	253312
546	1	1.163	255765
547	1	1.165	256301
548	1	1.168	256601
549	1	1.167	257691
550	1	1.174	257211
551	1	1.182	256366
552	1	1.176	258543
553	1	1.165	262105
554	1	1.170	261804
555	1	1.169	262974
556	1	1.174	262781
557	1	1.175	263470
558	1	1.179	263524
559	1	1.183	263676
560	1	1.186	263894
561	1	1.171	268203
562	1	1.170	269411
563	1	1.170	270470
564	1	1.171	271152
565	1	1.175	271096
566	1	1.177	271602
567	1	1.180	271935
568	1	1.180	272879
569	1	1.174	275319
570	1	1.168	277679
571	1	1.170	278109
572	1	1.172	278649
573	1	1.174	279114
574	1	1.177	279470
575	1	1.182	279145
576	1	1.180	280623
577	1	1.172	283508
578	1	1.169	285275
579	1	1.171	285755
580	1	1.172	286619
581	1	1.175	286725
582	1	1.178	286982
583	1	1.179	287802
584	1	1.184	287531
585	1	1.176	290631
586	1	1.166	293959
587	1	1.169	294239
588	1	1.171	294708
589	1	1.174	295108
590	1	1.180	294542
591	1	1.186	294049
592	1	1.179	296791
593	1	1.174	299025
594	1	1.166	301982
595	1	1.168	302605
596	1	1.172	302697
597	1	1.174	303159
598	1	1.180	302489
599	1	1.183	302794
600	1	1.180	304689
601	1	1.175	306836
602	1	1.167	309947
603	1	1.171	310063
604	1	1.173	310444
605	1	1.180	309793
606	1	1.176	311856
607	1	1.182	311293
608	1	1.183	311994
609	1	1.176	314948
610	1	1.171	317344
611	1	1.171	318390
612	1	1.173	318678
613	1	1.176	319073
614	1	1.179	319171
615	1	1.184	318892
616	1	1.183	320178
617	1	1.175	323382
618	1	1.165	327191
619	1	1.168	327418
620	1	1.174	326974
621	1	1.178	326958
622	1	1.182	326922
623	1	1.185	327050
624	1	1.184	328371
625	1	1.175	331938
626	1	1.173	333620
627	1	1.175	333962
628	1	1.176	334867
629	1	1.178	335332
630	1	1.181	335558
631	1	1.183	336015
632	1	1.182	337246
633	1	1.175	340548
634	1	1.170	342920
635	1	1.166	345372
636	1	1.171	344950
637	1	1.176	344638
638	1	1.175	345991
639	1	1.179	345868
640	1	1.181	346159
641	1	1.177	348695
642	1	1.168	352479
643	1	1.174	351682
644	1	1.175	352388
645	1	1.176	353203
646	1	1.183	352169
647	1	1.182	353568
648	1	1.182	354777
649	1	1.178	356949
650	1	1.174	359242
651	1	1.174	360320
652	1	1.177	360634
653	1	1.180	360788
654	1	1.181	361485
655	1	1.183	361967
656	1	1.186	362270
657	1	1.178	365876
658	1	1.171	369282
659	1	1.173	369755
660	1	1.175	370217
661	1	1.182	369043
662	1	1.178	371444
663	1	1.181	371661
664	1	1.181	372735
665	1	1.176	375524
666	1	1.176	376482
667	1	1.177	377500
668	1	1.179	377895
669	1	1.180	378647
670	1	1.181	379497
671	1	1.184	379832
672	1	1.187	380011
673	1	1.177	384143
674	1	1.174	386235
675	1	1.177	386676
676	1	1.178	387257
677	1	1.181	387620
678	1	1.181	388814
679	1	1.183	389073
680	1	1.185	389490
681	1	1.179	392640
682	1	1.175	395336
683	1	1.176	395969
684	1	1.178	396598
685	1	1.180	397106
686	1	1.181	397760
687	1	1.185	397676
688	1	1.187	398234
689	1	1.176	402997
690	1	1.178	403568
691	1	1.179	404298
692	1	1.181	404912
693	1	1.182	405682
694	1	1.185	406024
695	1	1.185	406898
696	1	1.187	407471
697	1	1.178	411898
698	1	1.175	414198
699	1	1.176	414976
700	1	1.178	415282
701	1	1.181	415632
702	1	1.181	416719
703	1	1.183	417128
704	1	1.186	417442
705	1	1.179	421007
706	1	1.174	423803
707	1	1.177	424134
708	1	1.179	424621
709	1	1.180	425556
710	1	1.182	425895
711	1	1.184	426523
712	1	1.186	426974
713	1	1.178	430845
714	1	1.175	433174
715	1	1.178	433498
716	1	1.179	434316
717	1	1.181	434769
718	1	1.181	435758
719	1	1.183	436444
720	1	1.185	436823
721	1	1.180	439864
722	1	1.174	443253
723	1	1.177	443446
724	1	1.174	445795
725	1	1.180	444696
726	1	1.182	445232
727	1	1.184	445715
728	1	1.185	446578
729	1	1.178	450673
730	1	1.174	453487
731	1	1.174	454423
732	1	1.174	455917
733	1	1.178	455327
734	1	1.183	454969
735	1	1.181	456770
736	1	1.184	456728
737	1	1.177	460903
738	1	1.178	461815
739	1	1.181	461904
740	1	1.182	462530
741	1	1.183	463389
742	1	1.184	464186
743	1	1.187	464634
744	1	1.187	465829
745	1	1.180	469616
746	1	1.178	471639
747	1	1.181	472013
748	1	1.181	473095
749	1	1.183	473664
750	1	1.184	474296
751	1	1.187	474463
752	1	1.189	474996
753	1	1.180	479681
754	1	1.182	480386
755	1	1.181	481935
756	1	1.183	482466
757	1	1.186	482493
758	1	1.188	483125
759	1	1.190	483658
760	1	1.190	484551
761	1	1.179	490409
762	1	1.173	494336
763	1	1.175	494979
764	1	1.176	495658
765	1	1.179	495909
766	1	1.180	496748
767	1	1.182	497030
768	1	1.183	497889
769	1	1.181	500260
770	1	1.174	504341
771	1	1.177	504451
772	1	1.178	505113
773	1	1.179	505991
774	1	1.183	505644
775	1	1.186	505768
776	1	1.185	507524
777	1	1.181	510644
778	1	1.179	512606
779	1	1.179	513862
780	1	1.181	514297
781	1	1.182	515356
782	1	1.185	515382
783	1	1.186	516442
784	1	1.190	516030
785	1	1.180	521366
786	1	1.179	523239
787	1	1.181	523825
788	1	1.182	524758
789	1	1.184	525135
790	1	1.185	525805
791	1	1.187	526488
792	1	1.188	527520
793	1	1.181	531964
794	1	1.176	535332
795	1	1.178	536025
796	1	1.181	535793
797	1	1.181	537103
798	1	1.183	537491
799	1	1.186	537540
800	1	1.186	538900
801	1	1.181	542367
802	1	1.176	546178
803	1	1.178	546541
804	1	1.180	547290
805	1	1.183	547267
806	1	1.183	548337
807	1	1.185	548885
808	1	1.185	550102
809	1	1.181	553393
810	1	1.178	556200
811	1	1.179	557046
812	1	1.181	557767
813	1	1.183	557943
814	1	1.184	558843
815	1	1.188	558431
816	1	1.188	559692
817	1	1.181	564691
818	1	1.180	566571
819	1	1.181	567315
820	1	1.183	567731
821	1	1.183	568912
822	1	1.186	568961
823	1	1.187	569932
824	1	1.188	570939
825	1	1.175	578555
826	1	1.180	577636
827	1	1.181	578273
828	1	1.183	578931
829	1	1.184	579614
830	1	1.186	580225
831	1	1.184	582612
832	1	1.186	583074
833	1	1.122	617881
834	1	1.177	590018
835	1	1.180	590127
836	1	1.182	590697
837	1	1.183	591435
838	1	1.188	590167
839	1	1.185	593207
840	1	1.186	593990
841	1	1.181	598212
842	1	1.178	601259
843	1	1.179	601945
844	1	1.180	602770
845	1	1.182	603395
846	1	1.184	604012
847	1	1.185	604695
848	1	1.189	604270
849	1	1.182	608845
850	1	1.181	611225
851	1	1.181	612332
852	1	1.182	613203
853	1	1.183	614081
854	1	1.185	614568
855	1	1.188	614408
856	1	1.188	615996
857	1	1.183	619856
858	1	1.183	621399
859	1	1.183	622947
860	1	1.184	623919
861	1	1.185	624793
862	1	1.187	625377
863	1	1.189	625599
864	1	1.189	627084
865	1	1.182	632444
866	1	1.181	634256
867	1	1.183	634641
868	1	1.183	636265
869	1	1.185	636526
870	1	1.186	637353
871	1	1.188	637830
872	1	1.190	638180
873	1	1.183	643302
874	1	1.178	647568
875	1	1.179	648719
876	1	1.181	649298
877	1	1.182	649922
878	1	1.186	649292
879	1	1.182	652673
880	1	1.183	653621
881	1	1.182	656005
882	1	1.180	658667
883	1	1.180	659786
884	1	1.181	661056
885	1	1.183	661197
886	1	1.184	662353
887	1	1.187	662214
888	1	1.187	663762
889	1	1.185	666302
890	1	1.179	671158
891	1	1.180	672119
892	1	1.182	672578
893	1	1.183	673373
894	1	1.186	673103
895	1	1.185	675234
896	1	1.187	675618
897	1	1.184	678960
898	1	1.179	683093
899	1	1.181	683699
900	1	1.182	684573
901	1	1.184	685099
902	1	1.185	685921
903	1	1.187	686331
904	1	1.187	687937
905	1	1.182	692338
906	1	1.181	694119
907	1	1.183	694485
908	1	1.185	695075
909	1	1.185	696393
910	1	1.186	697620
911	1	1.187	698619
912	1	1.188	699070
913	1	1.183	703918
914	1	1.179	707829
915	1	1.181	708287
916	1	1.182	709212
917	1	1.183	709849
918	1	1.184	710686
919	1	1.185	711683
920	1	1.187	712356
921	1	1.180	717919
922	1	1.178	720668
923	1	1.180	721488
924	1	1.181	722012
925	1	1.184	722177
926	1	1.185	722853
927	1	1.187	723133
928	1	1.187	724782
929	1	1.185	727508
930	1	1.180	732269
931	1	1.180	733752
932	1	1.183	733730
933	1	1.184	734378
934	1	1.185	735518
935	1	1.185	736709
936	1	1.181	740874
937	1	1.179	743630
938	1	1.177	746852
939	1	1.173	750881
940	1	1.178	749431
941	1	1.181	749117
942	1	1.184	748688
943	1	1.184	750399
944	1	1.186	750299
945	1	1.182	754856
946	1	1.177	759341
947	1	1.181	758754
948	1	1.182	759432
949	1	1.181	761918
950	1	1.184	761675
951	1	1.186	761806
952	1	1.187	762610
953	1	1.182	767757
954	1	1.180	770224
955	1	1.181	771445
956	1	1.182	772362
957	1	1.182	773824
958	1	1.184	774500
959	1	1.187	774308
960	1	1.187	775786
961	1	1.182	780353
962	1	1.183	781668
963	1	1.183	783379
964	1	1.183	784507
965	1	1.184	785563
966	1	1.185	786672
967	1	1.186	787814
968	1	1.190	786840
969	1	1.182	793700
970	1	1.182	795340
971	1	1.183	796048
972	1	1.182	798340
973	1	1.181	800940
974	1	1.186	799271
975	1	1.187	800329
976	1	1.190	799682
977	1	1.184	805126
978	1	1.182	808654
979	1	1.183	809232
980	1	1.185	809890
981	1	1.186	810790
982	1	1.186	812377
983	1	1.189	812112
984	1	1.189	813352
985	1	1.183	819112
986	1	1.181	822372
987	1	1.183	822696
988	1	1.176	829121
989	1	1.184	825166
990	1	1.186	825865
991	1	1.186	827360
992	1	1.187	827882
993	1	1.181	833782
994	1	1.179	837450
995	1	1.180	838003
996	1	1.183	837602
997	1	1.183	839645
998	1	1.184	840396
999	1	1.186	840730
1000	1	1.189	840520
1001	1	1.184	845571
1002	1	1.180	849831
1003	1	1.182	850418
1004	1	1.179	853949
1005	1	1.183	852986
1006	1	1.185	853000
1007	1	1.188	852516
1008	1	1.188	854718
1009	1	1.185	858634
1010	1	1.181	863044
1011	1	1.182	864008
1012	1	1.182	865780
1013	1	1.182	867241
1014	1	1.185	866876
1015	1	1.186	867993
1016	1	1.188	867978
1017	1	1.181	875111
1018	1	1.182	875743
1019	1	1.185	875193
1020	1	1.185	876841
1021	1	1.186	877751
1022	1	1.188	878053
1023	1	1.190	878859
1024	1	1.188	881939
1025	1	1.185	885790
1026	1	1.180	890989
1027	1	1.181	892200
1028	1	1.184	892062
1029	1	1.184	893307
1030	1	1.186	893865
1031	1	1.186	895273
1032	1	1.189	895188
1033	1	1.182	902109
1034	1	1.183	902973
1035	1	1.185	903007
1036	1	1.186	904346
1037	1	1.186	905924
1038	1	1.186	907263
1039	1	1.185	910422
1040	1	1.191	907584
1041	1	1.182	915687
1042	1	1.180	919156
1043	1	1.182	919292
1044	1	1.183	920126
1045	1	1.185	920896
1046	1	1.186	921793
1047	1	1.187	922808
1048	1	1.184	927079
1049	1	1.174	936425
1050	1	1.185	929615
1051	1	1.185	930958
1052	1	1.186	932577
1053	1	1.188	932715
1054	1	1.190	932759
1055	1	1.191	933872
1056	1	1.192	934554
1057	1	1.185	941868
1058	1	1.182	946246
1059	1	1.184	946522
1060	1	1.183	948592
1061	1	1.186	948405
1062	1	1.186	950132
1063	1	1.188	950203
1064	1	1.189	951325
1065	1	1.181	959152
1066	1	1.183	959568
1067	1	1.186	959405
1068	1	1.186	960861
1069	1	1.186	962815
1070	1	1.188	962781
1071	1	1.190	963361
1072	1	1.190	964991
1073	1	1.183	972082
1074	1	1.184	973721
1075	1	1.185	974518
1076	1	1.186	974932
1077	1	1.186	977376
1078	1	1.188	977540
1079	1	1.189	978074
1080	1	1.190	979655
1081	1	1.183	986578
1082	1	1.186	986425
1083	1	1.187	987035
1084	1	1.187	988890
1085	1	1.188	989637
1086	1	1.189	990909
1087	1	1.191	991104
1088	1	1.191	992583
1089	1	1.185	999857
1090	1	1.184	1002959
1091	1	1.183	1005034
1092	1	1.185	1005433
1093	1	1.185	1006956
1094	1	1.184	1009586
1095	1	1.187	1008863
1096	1	1.188	1009830
1097	1	1.182	1016814
1098	1	1.184	1017499
1099	1	1.185	1018378
1100	1	1.187	1018756
1101	1	1.188	1019792
1102	1	1.189	1020693
1103	1	1.190	1021559
1104	1	1.192	1021745
1105	1	1.185	1029179
1106	1	1.186	1030604
1107	1	1.185	1033172
1108	1	1.186	1034428
1109	1	1.185	1037211
1110	1	1.185	1039240
1111	1	1.185	1040820
1112	1	1.190	1037925
1113	1	1.183	1046567
1114	1	1.186	1045450
1115	1	1.187	1046720
1116	1	1.187	1047944
1117	1	1.191	1046935
1118	1	1.192	1047864
1119	1	1.193	1048851
1120	1	1.194	1049786
1121	1	1.185	1059420
1122	1	1.183	1062863
1123	1	1.189	1059780
1124	1	1.185	1065152
1125	1	1.187	1065140
1126	1	1.189	1065428
1127	1	1.191	1065231
1128	1	1.193	1065354
1129	1	1.186	1073911
1130	1	1.187	1074346
1131	1	1.188	1075416
1132	1	1.190	1076278
1133	1	1.189	1078637
1134	1	1.185	1083814
1135	1	1.189	1082571
1136	1	1.189	1084381
1137	1	1.174	1099775
1138	1	1.180	1096819
1139	1	1.182	1096354
1140	1	1.185	1096035
1141	1	1.181	1101221
1142	1	1.184	1100541
1143	1	1.186	1100958
1144	1	1.190	1099050
1145	1	1.187	1103738
1146	1	1.188	1104391
1147	1	1.189	1105121
1148	1	1.190	1106740
1149	1	1.191	1107752
1150	1	1.192	1108894
1151	1	1.192	1109999
1152	1	1.192	1112165
1153	1	1.186	1119843
1154	1	1.187	1121054
1155	1	1.188	1122242
1156	1	1.189	1122753
1157	1	1.190	1124353
1158	1	1.191	1124857
1159	1	1.192	1125971
1160	1	1.193	1126753
1161	1	1.186	1135725
1162	1	1.187	1136265
1163	1	1.187	1138052
1164	1	1.187	1140557
1165	1	1.189	1140631
1166	1	1.189	1142693
1167	1	1.190	1143870
1168	1	1.193	1142421
1169	1	1.186	1151405
1170	1	1.182	1157368
1171	1	1.184	1156875
1172	1	1.186	1156863
1173	1	1.186	1159125
1174	1	1.187	1159687
1175	1	1.193	1156719
1176	1	1.192	1159145
1177	1	1.183	1169660
1178	1	1.183	1171958
1179	1	1.186	1170939
1180	1	1.188	1171266
1181	1	1.187	1174239
1182	1	1.186	1176855
1183	1	1.192	1173394
1184	1	1.193	1174435
1185	1	1.188	1181062
1186	1	1.186	1185280
1187	1	1.188	1184805
1188	1	1.186	1188805
1189	1	1.190	1186757
1190	1	1.192	1187172
1191	1	1.193	1187948
1192	1	1.193	1189550
1193	1	1.187	1198393
1194	1	1.189	1198117
1195	1	1.189	1200170
1196	1	1.191	1200397
1197	1	1.191	1201993
1198	1	1.191	1203975
1199	1	1.193	1204006
1200	1	1.195	1204041
1201	1	1.186	1215486
1202	1	1.189	1214063
1203	1	1.190	1215456
1204	1	1.190	1216813
1205	1	1.191	1217785
1206	1	1.192	1218926
1207	1	1.194	1219575
1208	1	1.194	1221173
1209	1	1.188	1229501
1210	1	1.187	1232089
1211	1	1.188	1232962
1212	1	1.190	1233737
1213	1	1.191	1234706
1214	1	1.191	1236121
1215	1	1.193	1236725
1216	1	1.193	1237969
1217	1	1.187	1246853
1218	1	1.188	1248150
1219	1	1.189	1248730
1220	1	1.189	1250590
1221	1	1.190	1251382
1222	1	1.192	1252117
1223	1	1.193	1252949
1224	1	1.193	1254388
1225	1	1.188	1262099
1226	1	1.187	1264978
1227	1	1.189	1265614
1228	1	1.190	1266548
1229	1	1.189	1269650
1230	1	1.191	1269721
1231	1	1.192	1270458
1232	1	1.189	1275078
1233	1	1.186	1280865
1234	1	1.186	1282668
1235	1	1.186	1284615
1236	1	1.188	1284860
1237	1	1.189	1286120
1238	1	1.192	1284722
1239	1	1.193	1285620
1240	1	1.194	1286228
1241	1	1.188	1295646
1242	1	1.190	1295491
1243	1	1.191	1296325
1244	1	1.192	1297502
1245	1	1.192	1298879
1246	1	1.192	1300914
1247	1	1.194	1301700
1248	1	1.194	1303496
1249	1	1.187	1312878
1250	1	1.187	1314834
1251	1	1.188	1316191
1252	1	1.190	1315963
1253	1	1.191	1317025
1254	1	1.191	1318932
1255	1	1.193	1319197
1256	1	1.193	1321300
1257	1	1.188	1329200
1258	1	1.189	1329769
1259	1	1.190	1330666
1260	1	1.191	1332208
1261	1	1.192	1333225
1262	1	1.192	1335170
1263	1	1.194	1335427
1264	1	1.195	1336272
1265	1	1.188	1345498
1266	1	1.189	1346787
1267	1	1.190	1348476
1268	1	1.189	1351123
1269	1	1.190	1351933
1270	1	1.190	1354270
1271	1	1.192	1354031
1272	1	1.193	1355084
1273	1	1.185	1366862
1274	1	1.188	1365309
1275	1	1.190	1365194
1276	1	1.192	1364676
1277	1	1.191	1367622
1278	1	1.190	1371290
1279	1	1.190	1373149
1280	1	1.196	1369314
1281	1	1.187	1381042
1282	1	1.189	1380954
1283	1	1.190	1382105
1284	1	1.190	1384047
1285	1	1.192	1384307
1286	1	1.193	1385356
1287	1	1.193	1386993
1288	1	1.194	1388291
1289	1	1.187	1398463
1290	1	1.189	1398580
1291	1	1.190	1399332
1292	1	1.191	1400238
1293	1	1.192	1401546
1294	1	1.192	1404150
1295	1	1.194	1403903
1296	1	1.191	1409169
1297	1	1.188	1415251
1298	1	1.189	1415432
1299	1	1.190	1416434
1300	1	1.186	1424244
1301	1	1.192	1418356
1302	1	1.194	1418972
1303	1	1.195	1419826
1304	1	1.196	1421178
1305	1	1.185	1436640
1306	1	1.189	1432929
1307	1	1.186	1439487
1308	1	1.191	1434834
1309	1	1.193	1435438
1310	1	1.192	1439130
1311	1	1.192	1440771
1312	1	1.195	1438758
1313	1	1.189	1449179
1314	1	1.189	1450880
1315	1	1.190	1451988
1316	1	1.191	1453192
1317	1	1.192	1453510
1318	1	1.193	1455129
1319	1	1.193	1456932
1320	1	1.195	1457340
1321	1	1.185	1471716
1322	1	1.187	1471465
1323	1	1.190	1469414
1324	1	1.191	1470577
1325	1	1.192	1472133
1326	1	1.192	1474523
1327	1	1.193	1475421
1328	1	1.193	1477652
1329	1	1.188	1486232
1330	1	1.189	1486114
1331	1	1.190	1487741
1332	1	1.191	1488320
1333	1	1.192	1489562
1334	1	1.193	1490492
1335	1	1.194	1491996
1336	1	1.195	1492944
1337	1	1.189	1502455
1338	1	1.189	1504080
1339	1	1.190	1505598
1340	1	1.191	1506144
1341	1	1.192	1507742
1342	1	1.193	1508523
1343	1	1.194	1510020
1344	1	1.194	1511417
1345	1	1.188	1521671
1346	1	1.187	1524756
1347	1	1.191	1522111
1348	1	1.192	1523716
1349	1	1.192	1525336
1350	1	1.193	1526304
1351	1	1.194	1527058
1352	1	1.195	1528820
1353	1	1.188	1539817
1354	1	1.190	1539108
1355	1	1.191	1540740
1356	1	1.192	1541390
1357	1	1.192	1544203
1358	1	1.193	1545154
1359	1	1.194	1545373
1360	1	1.195	1547197
1361	1	1.183	1563975
1362	1	1.189	1558832
1363	1	1.192	1557593
1364	1	1.193	1558201
1365	1	1.194	1559613
1366	1	1.194	1561013
1367	1	1.196	1561896
1368	1	1.196	1563579
1369	1	1.189	1575747
1370	1	1.190	1576024
1371	1	1.192	1576323
1372	1	1.192	1577625
1373	1	1.193	1578990
1374	1	1.194	1579593
1375	1	1.195	1581458
1376	1	1.196	1582409
1377	1	1.189	1594200
1378	1	1.190	1595023
1379	1	1.191	1595588
1380	1	1.192	1596554
1381	1	1.192	1598729
1382	1	1.193	1599936
1383	1	1.194	1600766
1384	1	1.195	1602278
1385	1	1.189	1612178
1386	1	1.189	1614037
1387	1	1.190	1615193
1388	1	1.191	1616538
1389	1	1.190	1620402
1390	1	1.193	1618516
1391	1	1.194	1619746
1392	1	1.195	1620528
1393	1	1.189	1630625
1394	1	1.189	1633708
1395	1	1.190	1633774
1396	1	1.191	1635200
1397	1	1.192	1636275
1398	1	1.192	1637880
1399	1	1.190	1643077
1400	1	1.194	1639838
1401	1	1.189	1649782
1402	1	1.191	1648932
1403	1	1.192	1650291
1404	1	1.193	1651432
1405	1	1.194	1652152
1406	1	1.194	1655033
1407	1	1.194	1656412
1408	1	1.195	1657131
1409	1	1.188	1670546
1410	1	1.190	1669334
1411	1	1.191	1669870
1412	1	1.192	1671078
1413	1	1.193	1672264
1414	1	1.194	1673602
1415	1	1.194	1676058
1416	1	1.195	1676075
1417	1	1.190	1686272
1418	1	1.191	1686876
1419	1	1.192	1688499
1420	1	1.192	1690182
1421	1	1.193	1691612
1422	1	1.194	1691692
1423	1	1.195	1693601
1424	1	1.195	1695040
1425	1	1.188	1707495
1426	1	1.191	1706276
1427	1	1.192	1707373
1428	1	1.192	1709104
1429	1	1.193	1710327
1430	1	1.191	1715204
1431	1	1.195	1713092
1432	1	1.196	1713690
1433	1	1.191	1723652
1434	1	1.190	1727327
1435	1	1.190	1728624
1436	1	1.191	1729582
1437	1	1.193	1730341
1438	1	1.193	1732107
1439	1	1.194	1733596
1440	1	1.195	1734542
1441	1	1.188	1746392
1442	1	1.190	1746439
1443	1	1.190	1748002
1444	1	1.192	1748732
1445	1	1.192	1750136
1446	1	1.193	1751229
1447	1	1.191	1756540
1448	1	1.194	1754168
1449	1	1.190	1763176
1450	1	1.190	1765109
1451	1	1.190	1767544
1452	1	1.191	1768419
1453	1	1.193	1769079
1454	1	1.194	1769921
1455	1	1.194	1771367
1456	1	1.194	1773782
1457	1	1.189	1784058
1458	1	1.186	1791249
1459	1	1.190	1786910
1460	1	1.191	1788630
1461	1	1.192	1789000
1462	1	1.193	1790694
1463	1	1.194	1791704
1464	1	1.194	1793334
1465	1	1.190	1801998
1466	1	1.190	1805282
1467	1	1.190	1806704
1468	1	1.191	1807667
1469	1	1.192	1809292
1470	1	1.193	1810053
1471	1	1.194	1811735
1472	1	1.194	1812924
1473	1	1.191	1820268
1474	1	1.190	1824814
1475	1	1.191	1825972
1476	1	1.192	1826836
1477	1	1.193	1827994
1478	1	1.193	1829492
1479	1	1.195	1830009
1480	1	1.195	1831520
1481	1	1.188	1844533
1482	1	1.190	1843658
1483	1	1.191	1845112
1484	1	1.192	1846844
1485	1	1.193	1847442
1486	1	1.194	1848817
1487	1	1.194	1850212
1488	1	1.195	1851626
1489	1	1.188	1864408
1490	1	1.191	1862536
1491	1	1.191	1864654
1492	1	1.192	1865850
1493	1	1.193	1867560
1494	1	1.194	1867754
1495	1	1.195	1869280
1496	1	1.196	1870317
1497	1	1.189	1883638
1498	1	1.191	1882904
1499	1	1.191	1885094
1500	1	1.193	1885258
1501	1	1.193	1887194
1502	1	1.194	1888360
1503	1	1.194	1890207
1504	1	1.195	1891556
1505	1	1.188	1905612
1506	1	1.190	1904676
1507	1	1.191	1905416
1508	1	1.191	1907384
1509	1	1.192	1909540
1510	1	1.193	1910171
1511	1	1.194	1911670
1512	1	1.195	1912588
1513	1	1.187	1926748
1514	1	1.190	1924924
1515	1	1.191	1926207
1516	1	1.192	1927504
1517	1	1.193	1928058
1518	1	1.194	1929180
1519	1	1.195	1930382
1520	1	1.195	1931666
1521	1	1.188	1945763
1522	1	1.189	1946966
1523	1	1.190	1947513
1524	1	1.190	1949736
1525	1	1.192	1949406
1526	1	1.192	1952209
1527	1	1.193	1952544
1528	1	1.194	1954476
1529	1	1.189	1964772
1530	1	1.190	1965660
1531	1	1.191	1966236
1532	1	1.192	1967696
1533	1	1.192	1969750
1534	1	1.193	1970698
1535	1	1.193	1973830
1536	1	1.194	1974990
1537	1	1.189	1985295
1538	1	1.190	1987242
1539	1	1.190	1988830
1540	1	1.191	1989831
1541	1	1.192	1990830
1542	1	1.193	1992260
1543	1	1.193	1993826
1544	1	1.194	1995230
1545	1	1.190	2003772
1546	1	1.191	2005856
1547	1	1.189	2011593
1548	1	1.192	2009366
1549	1	1.193	2009899
1550	1	1.193	2012277
1551	1	1.194	2013558
1552	1	1.195	2015048
1553	1	1.192	2022211
1554	1	1.191	2026644
1555	1	1.192	2027490
1556	1	1.193	2027873
1557	1	1.194	2028902
1558	1	1.194	2031180
1559	1	1.194	2034764
1560	1	1.196	2033190
1561	1	1.189	2047631
1562	1	1.191	2047845
1563	1	1.192	2048330
1564	1	1.191	2052172
1565	1	1.193	2051233
1566	1	1.193	2053598
1567	1	1.195	2053794
1568	1	1.195	2056075
1569	1	1.190	2067838
1570	1	1.190	2069512
1571	1	1.191	2070736
1572	1	1.192	2072178
1573	1	1.193	2073360
1574	1	1.193	2074549
1575	1	1.194	2075811
1576	1	1.195	2077602
1577	1	1.190	2089265
1578	1	1.189	2092426
1579	1	1.191	2091428
1580	1	1.192	2092580
1581	1	1.193	2094068
1582	1	1.193	2095676
1583	1	1.193	2098710
1584	1	1.194	2099290
1585	1	1.189	2112153
1586	1	1.190	2112861
1587	1	1.191	2114219
1588	1	1.192	2115058
1589	1	1.192	2116032
1590	1	1.193	2117759
1591	1	1.194	2118658
1592	1	1.195	2120133
1593	1	1.191	2128674
1594	1	1.190	2134458
1595	1	1.191	2135396
1596	1	1.188	2143374
1597	1	1.192	2137760
1598	1	1.194	2137881
1599	1	1.194	2139616
1600	1	1.195	2140393
1601	1	1.189	2154982
1602	1	1.191	2153450
1603	1	1.191	2155988
1604	1	1.192	2157046
1605	1	1.193	2158627
1606	1	1.193	2160585
1607	1	1.194	2162001
1608	1	1.194	2163432
1609	1	1.190	2173461
1610	1	1.191	2175512
1611	1	1.192	2176672
1612	1	1.192	2178876
1613	1	1.193	2180252
1614	1	1.193	2182398
1615	1	1.194	2182802
1616	1	1.195	2183780
1617	1	1.192	2192074
1618	1	1.191	2196458
1619	1	1.192	2197929
1620	1	1.192	2199409
1621	1	1.193	2200614
1622	1	1.194	2201183
1623	1	1.195	2202168
1624	1	1.196	2203430
1625	1	1.190	2217074
1626	1	1.190	2220356
1627	1	1.191	2221468
1628	1	1.191	2223609
1629	1	1.192	2225042
1630	1	1.192	2227114
1631	1	1.194	2226990
1632	1	1.195	2228051
1633	1	1.191	2237726
1634	1	1.191	2239748
1635	1	1.192	2241393
1636	1	1.192	2243264
1637	1	1.193	2245388
1638	1	1.193	2247204
1639	1	1.195	2247158
1640	1	1.195	2248966
1641	1	1.191	2260516
1642	1	1.190	2263786
1643	1	1.192	2263403
1644	1	1.192	2266359
1645	1	1.193	2266007
1646	1	1.194	2268138
1647	1	1.194	2269639
1648	1	1.195	2270616
1649	1	1.192	2279577
1650	1	1.190	2286056
1651	1	1.191	2286638
1652	1	1.192	2287786
1653	1	1.193	2288710
1654	1	1.193	2291546
1655	1	1.194	2291943
1656	1	1.195	2293939
1657	1	1.191	2304828
1658	1	1.190	2309435
1659	1	1.190	2312150
1660	1	1.191	2311954
1661	1	1.191	2314455
1662	1	1.192	2315832
1663	1	1.194	2315753
1664	1	1.194	2318433
1665	1	1.191	2325529
1666	1	1.191	2328706
1667	1	1.192	2329546
1668	1	1.193	2331325
1669	1	1.194	2332110
1670	1	1.194	2333878
1671	1	1.195	2334564
1672	1	1.196	2336706
1673	1	1.190	2350923
1674	1	1.192	2349830
1675	1	1.193	2351139
1676	1	1.193	2353804
1677	1	1.193	2356562
1678	1	1.194	2356491
1679	1	1.195	2358352
1680	1	1.196	2358834
1681	1	1.191	2371894
1682	1	1.191	2373802
1683	1	1.192	2374728
1684	1	1.193	2375846
1685	1	1.193	2377622
1686	1	1.194	2378842
1687	1	1.195	2380106
1688	1	1.196	2381380
1689	1	1.192	2392384
1690	1	1.191	2396855
1691	1	1.191	2398978
1692	1	1.192	2400380
1693	1	1.193	2402142
1694	1	1.194	2402362
1695	1	1.194	2404776
1696	1	1.195	2405972
1697	1	1.191	2415556
1698	1	1.191	2418896
1699	1	1.192	2419398
1700	1	1.192	2422292
1701	1	1.194	2422800
1702	1	1.194	2424920
1703	1	1.195	2426090
1704	1	1.196	2427010
1705	1	1.191	2439206
1706	1	1.192	2441112
1707	1	1.193	2441828
1708	1	1.194	2441996
1709	1	1.195	2443470
1710	1	1.195	2446420
1711	1	1.195	2447806
1712	1	1.196	2448919
1713	1	1.192	2459834
1714	1	1.193	2461378
1715	1	1.194	2462746
1716	1	1.193	2466091
1717	1	1.195	2466520
1718	1	1.196	2466738
1719	1	1.196	2468879
1720	1	1.197	2470580
1721	1	1.191	2485856
1722	1	1.192	2486331
1723	1	1.193	2487772
1724	1	1.193	2489215
1725	1	1.193	2492116
1726	1	1.194	2493012
1727	1	1.195	2494519
1728	1	1.195	2496940
1729	1	1.193	2503717
1730	1	1.191	2511199
1731	1	1.191	2513498
1732	1	1.192	2514437
1733	1	1.193	2515006
1734	1	1.194	2516232
1735	1	1.195	2517552
1736	1	1.196	2518756
1737	1	1.191	2531301
1738	1	1.192	2532787
1739	1	1.193	2533901
1740	1	1.193	2535833
1741	1	1.194	2537093
1742	1	1.194	2539083
1743	1	1.195	2540225
1744	1	1.196	2541855
1745	1	1.191	2554193
1746	1	1.192	2555775
1747	1	1.193	2556847
1748	1	1.194	2558591
1749	1	1.194	2559838
1750	1	1.194	2562667
1751	1	1.195	2564332
1752	1	1.196	2564242
1753	1	1.192	2577505
1754	1	1.190	2583370
1755	1	1.192	2583181
1756	1	1.192	2586195
1757	1	1.193	2586253
1758	1	1.193	2588962
1759	1	1.194	2590653
1760	1	1.195	2591144
1761	1	1.190	2604461
1762	1	1.191	2606041
1763	1	1.191	2607719
1764	1	1.192	2608681
1765	1	1.193	2610021
1766	1	1.194	2609469
1767	1	1.195	2611459
1768	1	1.196	2612682
1769	1	1.192	2623581
1770	1	1.193	2625671
1771	1	1.193	2626569
1772	1	1.194	2628633
1773	1	1.195	2629653
1774	1	1.195	2631705
1775	1	1.196	2633055
1776	1	1.197	2634455
1777	1	1.193	2646442
1778	1	1.193	2648359
1779	1	1.193	2650503
1780	1	1.194	2652043
1781	1	1.194	2654813
1782	1	1.196	2653593
1783	1	1.196	2656257
1784	1	1.197	2657903
1785	1	1.191	2672930
1786	1	1.192	2675612
1787	1	1.193	2675027
1788	1	1.194	2676320
1789	1	1.194	2680061
1790	1	1.194	2681052
1791	1	1.195	2682891
1792	1	1.196	2684393
1793	1	1.191	2697135
1794	1	1.192	2699174
1795	1	1.193	2699472
1796	1	1.193	2701689
1797	1	1.194	2703525
1798	1	1.195	2704607
1799	1	1.196	2705364
1800	1	1.196	2707519
1801	1	1.192	2719668
1802	1	1.192	2722296
1803	1	1.193	2724415
1804	1	1.192	2728907
1805	1	1.188	2739809
1806	1	1.189	2741960
1807	1	1.187	2749139
1808	1	1.188	2750769
1809	1	1.187	2756033
1810	1	1.187	2759485
1811	1	1.190	2753907
1812	1	1.188	2761673
1813	1	1.193	2753523
1814	1	1.192	2759511
1815	1	1.193	2759558
1816	1	1.194	2760015
1817	1	1.192	2767686
1818	1	1.191	2772523
1819	1	1.192	2774311
1820	1	1.192	2776179
1821	1	1.193	2778437
1822	1	1.194	2779837
1823	1	1.194	2780975
1824	1	1.195	2782019
1825	1	1.192	2793265
1826	1	1.191	2796975
1827	1	1.191	2801540
1828	1	1.192	2801121
1829	1	1.193	2801881
1830	1	1.194	2803050
1831	1	1.194	2805585
1832	1	1.195	2807344
1833	1	1.193	2815804
1834	1	1.192	2819609
1835	1	1.193	2821181
1836	1	1.194	2822508
1837	1	1.194	2824845
1838	1	1.194	2828402
1839	1	1.194	2829913
1840	1	1.196	2829001
1841	1	1.192	2841208
1842	1	1.193	2843109
1843	1	1.193	2844801
1844	1	1.194	2845499
1845	1	1.195	2847701
1846	1	1.196	2848079
1847	1	1.196	2850582
1848	1	1.197	2851605
1849	1	1.191	2868839
1850	1	1.191	2872127
1851	1	1.190	2876462
1852	1	1.193	2873464
1853	1	1.193	2876199
1854	1	1.190	2886965
1855	1	1.191	2888551
1856	1	1.191	2891303
1857	1	1.192	2891409
1858	1	1.191	2896277
1859	1	1.192	2898499
1860	1	1.193	2899208
1861	1	1.194	2899953
1862	1	1.193	2904034
1863	1	1.194	2904689
1864	1	1.193	2910709
1865	1	1.191	2919919
1866	1	1.190	2923314
1867	1	1.191	2925024
1868	1	1.191	2928002
1869	1	1.191	2930757
1870	1	1.193	2930278
1871	1	1.192	2934633
1872	1	1.192	2937175
1873	1	1.188	2951943
1874	1	1.191	2946309
1875	1	1.192	2948215
1876	1	1.193	2949428
1877	1	1.193	2950729
1878	1	1.194	2952533
1879	1	1.195	2953185
1880	1	1.195	2955507
1881	1	1.193	2963835
1882	1	1.194	2965135
1883	1	1.194	2969071
1884	1	1.195	2968784
1885	1	1.195	2970609
1886	1	1.196	2971969
1887	1	1.196	2975521
1888	1	1.197	2977494
1889	1	1.194	2987175
1890	1	1.194	2990368
1891	1	1.193	2994856
1892	1	1.196	2992257
1893	1	1.195	2996273
1894	1	1.197	2996441
1895	1	1.198	2997169
1896	1	1.198	2999259
1897	1	1.192	3016727
1898	1	1.193	3018811
1899	1	1.194	3017432
1900	1	1.194	3021680
1901	1	1.195	3022539
1902	1	1.196	3024396
1903	1	1.196	3027313
1904	1	1.197	3027943
1905	1	1.193	3039763
1906	1	1.192	3046699
1907	1	1.193	3047897
1908	1	1.193	3049858
1909	1	1.194	3051175
1910	1	1.195	3051978
1911	1	1.195	3054725
1912	1	1.196	3056235
1913	1	1.193	3065085
1914	1	1.193	3069188
1915	1	1.193	3071558
1916	1	1.193	3075122
1917	1	1.194	3076342
1918	1	1.195	3077685
1919	1	1.195	3080148
1920	1	1.195	3082703
1921	1	1.193	3092147
1922	1	1.192	3097769
1923	1	1.193	3098921
1924	1	1.193	3102520
1925	1	1.194	3102017
1926	1	1.195	3103613
1927	1	1.195	3106111
1928	1	1.196	3106366
1929	1	1.193	3116177
1930	1	1.192	3124338
1931	1	1.192	3126222
1932	1	1.193	3128455
1933	1	1.193	3130009
1934	1	1.194	3131017
1935	1	1.195	3132089
1936	1	1.195	3135077
1937	1	1.192	3146690
1938	1	1.192	3150051
1939	1	1.193	3150840
1940	1	1.193	3152823
1941	1	1.194	3154762
1942	1	1.194	3157451
1943	1	1.195	3157851
1944	1	1.195	3160833
1945	1	1.194	3167665
1946	1	1.192	3174325
1947	1	1.192	3177473
1948	1	1.190	3186261
1949	1	1.194	3178483
1950	1	1.196	3177892
1951	1	1.196	3180852
1952	1	1.195	3186627
1953	1	1.193	3196343
1954	1	1.193	3200013
1955	1	1.193	3202689
1956	1	1.195	3199609
1957	1	1.195	3201956
1958	1	1.196	3203484
1959	1	1.197	3205273
1960	1	1.197	3207237
1961	1	1.193	3220992
1962	1	1.192	3227422
1963	1	1.190	3236738
1964	1	1.193	3230487
1965	1	1.194	3231595
1966	1	1.192	3242051
1967	1	1.195	3235503
1968	1	1.192	3246456
1969	1	1.191	3252543
1970	1	1.190	3258537
1971	1	1.189	3264516
1972	1	1.191	3263189
1973	1	1.192	3264122
1974	1	1.195	3258585
1975	1	1.196	3258637
1976	1	1.196	3263881
1977	1	1.192	3276899
1978	1	1.192	3279443
1979	1	1.194	3279402
1980	1	1.194	3281620
1981	1	1.195	3283097
1982	1	1.195	3286931
1983	1	1.196	3286293
1984	1	1.196	3288235
1985	1	1.194	3298692
1986	1	1.192	3308159
1987	1	1.193	3306941
1988	1	1.194	3307004
1989	1	1.195	3308755
1990	1	1.196	3310301
1991	1	1.197	3311215
1992	1	1.197	3313121
1993	1	1.193	3327391
1994	1	1.193	3330476
1995	1	1.194	3330475
1996	1	1.195	3333357
1997	1	1.196	3333561
1998	1	1.196	3336061
1999	1	1.197	3337707
2000	1	1.197	3338680
2001	1	1.193	3353474
2002	1	1.192	3360509
2003	1	1.194	3357500
2004	1	1.195	3359520
2005	1	1.196	3360649
2006	1	1.196	3362820
2007	1	1.196	3364920
2008	1	1.196	3369316
2009	1	1.195	3376523
2010	1	1.193	3384742
2011	1	1.194	3386411
2012	1	1.194	3388299
2013	1	1.194	3391477
2014	1	1.195	3392866
2015	1	1.196	3394115
2016	1	1.197	3394280
2017	1	1.192	3410181
2018	1	1.192	3413673
2019	1	1.192	3418069
2020	1	1.194	3416696
2021	1	1.194	3418227
2022	1	1.194	3423345
2023	1	1.191	3435763
2024	1	1.195	3425772
2025	1	1.193	3436617
2026	1	1.193	3439516
2027	1	1.194	3440381
2028	1	1.194	3441675
2029	1	1.195	3444131
2030	1	1.195	3445589
2031	1	1.196	3447019
2032	1	1.197	3449107
2033	1	1.193	3462921
2034	1	1.194	3462483
2035	1	1.195	3464085
2036	1	1.195	3466293
2037	1	1.196	3468752
2038	1	1.196	3469993
2039	1	1.197	3471029
2040	1	1.197	3473773
2041	1	1.195	3485378
2042	1	1.194	3490355
2043	1	1.194	3494063
2044	1	1.194	3496339
2045	1	1.195	3496860
2046	1	1.195	3501823
2047	1	1.196	3502161
2048	1	1.197	3503533
2049	1	1.195	3511471
2050	1	1.192	3522881
2051	1	1.193	3525119
2052	1	1.193	3526381
2053	1	1.194	3528378
2054	1	1.195	3529747
2055	1	1.196	3530012
2056	1	1.196	3531279
2057	1	1.194	3542343
2058	1	1.194	3546605
2059	1	1.194	3548303
2060	1	1.195	3550752
2061	1	1.195	3551728
2062	1	1.196	3553569
2063	1	1.196	3556763
2064	1	1.197	3557048
2065	1	1.192	3575281
2066	1	1.194	3572331
2067	1	1.194	3575977
2068	1	1.194	3578999
2069	1	1.196	3578945
2070	1	1.196	3581054
2071	1	1.195	3586139
2072	1	1.197	3583823
2073	1	1.194	3597404
2074	1	1.193	3603377
2075	1	1.194	3604830
2076	1	1.194	3606777
2077	1	1.195	3608931
2078	1	1.192	3620105
2079	1	1.196	3612584
2080	1	1.197	3612876
2081	1	1.192	3630278
2082	1	1.192	3634973
2083	1	1.193	3635885
2084	1	1.194	3636864
2085	1	1.194	3638667
2086	1	1.195	3640897
2087	1	1.195	3641852
2088	1	1.195	3645280
2089	1	1.194	3652046
2090	1	1.192	3663464
2091	1	1.193	3663542
2092	1	1.193	3666363
2093	1	1.194	3666800
2094	1	1.195	3668138
2095	1	1.196	3668630
2096	1	1.196	3670089
2097	1	1.194	3682587
2098	1	1.193	3689060
2099	1	1.193	3690645
2100	1	1.194	3692101
2101	1	1.194	3694747
2102	1	1.195	3696041
2103	1	1.195	3697717
2104	1	1.196	3698554
2105	1	1.194	3709243
2106	1	1.193	3715208
2107	1	1.193	3718877
2108	1	1.194	3720781
2109	1	1.194	3722145
2110	1	1.195	3725093
2111	1	1.196	3725414
2112	1	1.197	3725582
2113	1	1.194	3737637
2114	1	1.193	3745445
2115	1	1.193	3747292
2116	1	1.194	3749333
2117	1	1.194	3751229
2118	1	1.194	3755827
2119	1	1.196	3753664
2120	1	1.196	3755350
2121	1	1.194	3764981
2122	1	1.193	3773389
2123	1	1.194	3773751
2124	1	1.194	3776624
2125	1	1.195	3777884
2126	1	1.195	3779107
2127	1	1.196	3780275
2128	1	1.196	3782984
2129	1	1.195	3790971
2130	1	1.194	3796699
2131	1	1.195	3799545
2132	1	1.195	3800348
2133	1	1.196	3803357
2134	1	1.196	3804539
2135	1	1.197	3806429
2136	1	1.198	3807397
2137	1	1.195	3819723
2138	1	1.193	3830343
2139	1	1.194	3829891
2140	1	1.195	3829992
2141	1	1.195	3835089
2142	1	1.196	3835189
2143	1	1.196	3836753
2144	1	1.193	3852575
2145	1	1.195	3848443
2146	1	1.193	3859226
2147	1	1.193	3862551
2148	1	1.194	3862835
2149	1	1.194	3864453
2150	1	1.195	3865809
2151	1	1.196	3866802
2152	1	1.196	3869699
2153	1	1.194	3882053
2154	1	1.193	3886015
2155	1	1.194	3888423
2156	1	1.194	3889849
2157	1	1.195	3891300
2158	1	1.195	3893763
2159	1	1.196	3894630
2160	1	1.197	3896852
2161	1	1.193	3913568
2162	1	1.193	3914621
2163	1	1.194	3917497
2164	1	1.195	3916827
2165	1	1.195	3918915
2166	1	1.196	3919709
2167	1	1.197	3922147
2168	1	1.197	3923551
2169	1	1.193	3941029
2170	1	1.193	3944587
2171	1	1.194	3946289
2172	1	1.194	3948395
2173	1	1.195	3948477
2174	1	1.195	3951708
2175	1	1.196	3953157
2176	1	1.197	3954818
2177	1	1.195	3965770
2178	1	1.193	3974172
2179	1	1.193	3976834
2180	1	1.194	3978517
2181	1	1.195	3979662
2182	1	1.196	3980617
2183	1	1.196	3982638
2184	1	1.197	3984679
2185	1	1.194	3997661
2186	1	1.193	4002366
2187	1	1.194	4004858
2188	1	1.194	4008904
2189	1	1.195	4008553
2190	1	1.195	4011455
2191	1	1.195	4014137
2192	1	1.196	4016289
2193	1	1.192	4032935
2194	1	1.192	4035357
2195	1	1.193	4037030
2196	1	1.194	4038100
2197	1	1.193	4042512
2198	1	1.195	4042277
2199	1	1.195	4044154
2200	1	1.196	4046341
2201	1	1.193	4057225
2202	1	1.193	4061033
2203	1	1.194	4061531
2204	1	1.195	4064487
2205	1	1.195	4066052
2206	1	1.196	4068345
2207	1	1.196	4069785
2208	1	1.197	4070866
2209	1	1.193	4087278
2210	1	1.192	4093967
2211	1	1.193	4095375
2212	1	1.193	4101186
2213	1	1.193	4104724
2214	1	1.194	4102235
2215	1	1.193	4111537
2216	1	1.194	4110983
2217	1	1.192	4121665
2218	1	1.192	4126299
2219	1	1.187	4145292
2220	1	1.194	4125987
2221	1	1.194	4127837
2222	1	1.195	4129445
2223	1	1.196	4131062
2224	1	1.196	4132855
2225	1	1.195	4140748
2226	1	1.193	4152269
2227	1	1.193	4154297
2228	1	1.191	4164879
2229	1	1.192	4166928
2230	1	1.194	4163323
2231	1	1.193	4171152
2232	1	1.196	4162407
2233	1	1.192	4180029
2234	1	1.190	4190325
2235	1	1.191	4192520
2236	1	1.190	4198158
2237	1	1.192	4194919
2238	1	1.194	4191379
2239	1	1.196	4189443
2240	1	1.196	4192609
2241	1	1.193	4207056
2242	1	1.190	4221657
2243	1	1.193	4215561
2244	1	1.191	4226625
2245	1	1.194	4220409
2246	1	1.194	4221579
2247	1	1.195	4223753
2248	1	1.196	4224974
2249	1	1.195	4232075
2250	1	1.192	4244921
2251	1	1.193	4246077
2252	1	1.194	4247008
2253	1	1.193	4253573
2254	1	1.194	4251499
2255	1	1.195	4253894
2256	1	1.195	4256247
2257	1	1.192	4270788
2258	1	1.193	4272725
2259	1	1.192	4278485
2260	1	1.194	4276277
2261	1	1.194	4278801
2262	1	1.195	4281051
2263	1	1.195	4284151
2264	1	1.193	4294838
2265	1	1.192	4302009
2266	1	1.193	4301128
2267	1	1.193	4304417
2268	1	1.193	4310997
2269	1	1.195	4305473
2270	1	1.196	4306420
2271	1	1.196	4309837
2272	1	1.197	4309759
2273	1	1.195	4323159
2274	1	1.193	4331082
2275	1	1.191	4342407
2276	1	1.192	4344526
2277	1	1.195	4336216
2278	1	1.196	4338055
2279	1	1.196	4339590
2280	1	1.197	4341028
2281	1	1.193	4359691
2282	1	1.192	4368073
2283	1	1.193	4365937
2284	1	1.194	4367643
2285	1	1.195	4368117
2286	1	1.195	4370541
2287	1	1.196	4372821
2288	1	1.196	4374171
2289	1	1.192	4394235
2290	1	1.192	4395688
2291	1	1.194	4395309
2292	1	1.194	4398427
2293	1	1.194	4401110
2294	1	1.195	4401929
2295	1	1.196	4402721
2296	1	1.196	4405449
2297	1	1.194	4415957
2298	1	1.194	4422352
2299	1	1.194	4423775
2300	1	1.195	4426501
2301	1	1.195	4428731
2302	1	1.196	4430099
2303	1	1.196	4431304
2304	1	1.197	4432793
2305	1	1.195	4443711
2306	1	1.195	4449791
2307	1	1.195	4450397
2308	1	1.196	4452792
2309	1	1.196	4454885
2310	1	1.197	4457719
2311	1	1.197	4458780
2312	1	1.198	4461277
2313	1	1.194	4478986
2314	1	1.192	4490880
2315	1	1.194	4485689
2316	1	1.195	4486073
2317	1	1.196	4487609
2318	1	1.196	4490095
2319	1	1.194	4502183
2320	1	1.197	4493857
2321	1	1.195	4505502
2322	1	1.194	4515317
2323	1	1.194	4517064
2324	1	1.195	4519036
2325	1	1.193	4527625
2326	1	1.194	4530475
2327	1	1.195	4529907
2328	1	1.194	4535261
2329	1	1.195	4538903
2330	1	1.193	4550531
2331	1	1.191	4560773
2332	1	1.193	4555974
2333	1	1.194	4555391
2334	1	1.195	4556524
2335	1	1.196	4556460
2336	1	1.196	4559259
2337	1	1.194	4573034
2338	1	1.193	4578206
2339	1	1.191	4590936
2340	1	1.192	4592706
2341	1	1.192	4594394
2342	1	1.195	4586975
2343	1	1.194	4597584
2344	1	1.194	4599939
2345	1	1.193	4608378
2346	1	1.192	4614611
2347	1	1.192	4618667
2348	1	1.192	4621687
2349	1	1.195	4613621
2350	1	1.196	4613897
2351	1	1.197	4615359
2352	1	1.197	4618237
2353	1	1.195	4632571
2354	1	1.194	4640867
2355	1	1.194	4643996
2356	1	1.194	4645527
2357	1	1.195	4645954
2358	1	1.196	4648730
2359	1	1.196	4649414
2360	1	1.196	4653082
2361	1	1.191	4677799
2362	1	1.193	4673080
2363	1	1.194	4675982
2364	1	1.192	4688073
2365	1	1.195	4679156
2366	1	1.195	4682366
2367	1	1.196	4683375
2368	1	1.196	4685570
2369	1	1.194	4700103
2370	1	1.193	4706076
2371	1	1.194	4706720
2372	1	1.195	4708241
2373	1	1.195	4710824
2374	1	1.192	4724535
2375	1	1.196	4715293
2376	1	1.196	4717007
2377	1	1.195	4727210
2378	1	1.192	4743920
2379	1	1.194	4738547
2380	1	1.194	4740774
2381	1	1.195	4743352
2382	1	1.193	4753317
2383	1	1.196	4747400
2384	1	1.196	4748727
2385	1	1.195	4756393
2386	1	1.194	4766709
2387	1	1.194	4768377
2388	1	1.192	4781155
2389	1	1.195	4772033
2390	1	1.196	4775056
2391	1	1.197	4775368
2392	1	1.197	4777937
2393	1	1.195	4790006
2394	1	1.194	4796323
2395	1	1.193	4807262
2396	1	1.193	4810581
2397	1	1.193	4813285
2398	1	1.194	4815305
2399	1	1.197	4806941
2400	1	1.197	4809892
2401	1	1.193	4831269
2402	1	1.191	4840303
2403	1	1.192	4841017
2404	1	1.192	4845052
2405	1	1.193	4844648
2406	1	1.194	4845007
2407	1	1.194	4851577
2408	1	1.194	4853581
2409	1	1.192	4866547
2410	1	1.191	4873094
2411	1	1.192	4875111
2412	1	1.192	4879455
2413	1	1.193	4880121
2414	1	1.190	4895067
2415	1	1.189	4901631
2416	1	1.196	4878740
2417	1	1.190	4906184
2418	1	1.192	4903577
2419	1	1.193	4902457
2420	1	1.196	4896399
2421	1	1.196	4899059
2422	1	1.197	4900376
2423	1	1.197	4903965
2424	1	1.198	4902886
2425	1	1.193	4926531
2426	1	1.194	4926183
2427	1	1.195	4925503
2428	1	1.195	4932579
2429	1	1.195	4934865
2430	1	1.192	4950677
2431	1	1.193	4950478
2432	1	1.195	4949261
2433	1	1.192	4965564
2434	1	1.188	4986169
2435	1	1.192	4972786
2436	1	1.192	4976389
2437	1	1.196	4964994
2438	1	1.196	4967710
2439	1	1.194	4979943
2440	1	1.195	4981555
2441	1	1.194	4987436
2442	1	1.193	4994701
2443	1	1.193	4999556
2444	1	1.194	5000772
2445	1	1.195	5001640
2446	1	1.195	5004048
2447	1	1.196	5005628
2448	1	1.196	5007866
2449	1	1.194	5019840
2450	1	1.193	5027408
2451	1	1.193	5031448
2452	1	1.193	5038396
2453	1	1.195	5034820
2454	1	1.196	5034574
2455	1	1.196	5037394
2456	1	1.197	5037968
2457	1	1.194	5053202
2458	1	1.194	5058890
2459	1	1.194	5061742
2460	1	1.194	5064906
2461	1	1.195	5067972
2462	1	1.195	5068770
2463	1	1.196	5070348
2464	1	1.196	5074344
2465	1	1.194	5085378
2466	1	1.195	5088878
2467	1	1.195	5090098
2468	1	1.196	5092806
2469	1	1.196	5094534
2470	1	1.197	5096880
2471	1	1.197	5098462
2472	1	1.197	5102422
2473	1	1.195	5115356
2474	1	1.193	5127386
2475	1	1.194	5129712
2476	1	1.195	5129380
2477	1	1.195	5132734
2478	1	1.196	5134044
2479	1	1.196	5136754
2480	1	1.196	5138722
2481	1	1.194	5153266
2482	1	1.194	5158108
2483	1	1.194	5161130
2484	1	1.194	5163556
2485	1	1.195	5165658
2486	1	1.196	5167302
2487	1	1.196	5169766
2488	1	1.196	5171466
2489	1	1.195	5184140
2490	1	1.194	5190940
2491	1	1.195	5192220
2492	1	1.195	5194946
2493	1	1.196	5193082
2494	1	1.196	5198956
2495	1	1.196	5201456
2496	1	1.197	5202870
2497	1	1.183	5266886
2498	1	1.195	5220334
2499	1	1.195	5223664
2500	1	1.195	5226372
2501	1	1.196	5227374
2502	1	1.196	5231880
2503	1	1.196	5235232
2504	1	1.197	5236000
2505	1	1.195	5249416
2506	1	1.194	5258810
2507	1	1.194	5260388
2508	1	1.195	5262034
2509	1	1.195	5266552
2510	1	1.196	5267320
2511	1	1.196	5268638
2512	1	1.197	5269508
2513	1	1.194	5284802
2514	1	1.194	5291242
2515	1	1.194	5294204
2516	1	1.195	5295802
2517	1	1.195	5298656
2518	1	1.196	5300554
2519	1	1.196	5301618
2520	1	1.197	5303350
2521	1	1.195	5315584
2522	1	1.194	5325770
2523	1	1.194	5328118
2524	1	1.195	5328816
2525	1	1.196	5330188
2526	1	1.196	5334134
2527	1	1.196	5336392
2528	1	1.197	5336046
2529	1	1.196	5347296
2530	1	1.194	5356682
2531	1	1.195	5359482
2532	1	1.195	5361122
2533	1	1.196	5362760
2534	1	1.196	5364658
2535	1	1.197	5366188
2536	1	1.197	5369840
2537	1	1.196	5381568
2538	1	1.194	5392606
2539	1	1.195	5393022
2540	1	1.195	5395960
2541	1	1.196	5397640
2542	1	1.196	5398540
2543	1	1.197	5401902
2544	1	1.197	5402584
2545	1	1.196	5415640
2546	1	1.194	5428188
2547	1	1.194	5432214
2548	1	1.194	5433674
2549	1	1.195	5434496
2550	1	1.196	5436984
2551	1	1.197	5436328
2552	1	1.197	5436780
2553	1	1.196	5447242
2554	1	1.194	5460452
2555	1	1.194	5463940
2556	1	1.195	5464894
2557	1	1.195	5467948
2558	1	1.197	5465000
2559	1	1.196	5473050
2560	1	1.196	5476316
2561	1	1.196	5481594
2562	1	1.194	5496258
2563	1	1.193	5502090
2564	1	1.194	5504076
2565	1	1.195	5504176
2566	1	1.195	5505664
2567	1	1.196	5507854
2568	1	1.196	5512526
2569	1	1.188	5552462
2570	1	1.193	5535648
2571	1	1.194	5533068
2572	1	1.194	5536334
2573	1	1.195	5536266
2574	1	1.196	5539590
2575	1	1.196	5540110
2576	1	1.197	5542462
2577	1	1.194	5558410
2578	1	1.194	5564196
2579	1	1.195	5564958
2580	1	1.195	5568174
2581	1	1.195	5570842
2582	1	1.196	5573582
2583	1	1.196	5577764
2584	1	1.197	5577360
2585	1	1.198	5577412
2586	1	1.194	5596986
2587	1	1.194	5602030
2588	1	1.195	5604142
2589	1	1.196	5603688
2590	1	1.196	5604470
2591	1	1.197	5608180
2592	1	1.198	5606196
2593	1	1.196	5619522
2594	1	1.194	5632304
2595	1	1.195	5633368
2596	1	1.195	5635648
2597	1	1.196	5636202
2598	1	1.196	5639380
2599	1	1.197	5640750
2600	1	1.198	5641892
2601	1	1.196	5654020
2602	1	1.196	5659372
2603	1	1.195	5666354
2604	1	1.196	5669332
2605	1	1.196	5670720
2606	1	1.197	5673586
2607	1	1.197	5674382
2608	1	1.198	5674226
2609	1	1.195	5695334
2610	1	1.193	5705672
2611	1	1.194	5707346
2612	1	1.195	5708122
2613	1	1.195	5711062
2614	1	1.196	5711518
2615	1	1.196	5714588
2616	1	1.196	5719342
2617	1	1.193	5736870
2618	1	1.195	5733410
2619	1	1.195	5736010
2620	1	1.197	5734422
2621	1	1.197	5735316
2622	1	1.197	5742696
2623	1	1.197	5745060
2624	1	1.198	5745932
2625	1	1.195	5763972
2626	1	1.193	5776994
2627	1	1.195	5773450
2628	1	1.193	5786774
2629	1	1.196	5777262
2630	1	1.194	5791954
2631	1	1.195	5790168
2632	1	1.197	5786160
2633	1	1.196	5795940
2634	1	1.194	5810384
2635	1	1.194	5812022
2636	1	1.194	5815098
2637	1	1.195	5816080
2638	1	1.196	5814656
2639	1	1.196	5822250
2640	1	1.196	5825792
2641	1	1.183	5894848
2642	1	1.193	5849822
2643	1	1.194	5849236
2644	1	1.195	5847906
2645	1	1.196	5849104
2646	1	1.196	5853664
2647	1	1.196	5854244
2648	1	1.196	5858204
2649	1	1.194	5873386
2650	1	1.195	5876680
2651	1	1.195	5878636
2652	1	1.195	5883276
2653	1	1.195	5885498
2654	1	1.196	5889468
2655	1	1.195	5897006
2656	1	1.197	5892166
2657	1	1.195	5906806
2658	1	1.193	5918380
2659	1	1.193	5923448
2660	1	1.194	5924792
2661	1	1.195	5922690
2662	1	1.196	5923318
2663	1	1.196	5927522
2664	1	1.196	5931060
2665	1	1.196	5938492
2666	1	1.194	5950986
2667	1	1.194	5954658
2668	1	1.190	5981918
2669	1	1.195	5957308
2670	1	1.195	5962058
2671	1	1.196	5964150
2672	1	1.196	5965634
2673	1	1.196	5971516
2674	1	1.194	5985542
2675	1	1.195	5986234
2676	1	1.195	5990778
2677	1	1.195	5992426
2678	1	1.196	5993028
2679	1	1.197	5995922
2680	1	1.197	5998608
2681	1	1.196	6009660
2682	1	1.193	6026012
2683	1	1.195	6021072
2684	1	1.196	6023292
2685	1	1.194	6037810
2686	1	1.196	6028142
2687	1	1.196	6036778
2688	1	1.197	6033750
2689	1	1.196	6043658
2690	1	1.194	6057856
2691	1	1.194	6062006
2692	1	1.194	6067124
2693	1	1.196	6062796
2694	1	1.195	6069586
2695	1	1.196	6069970
2696	1	1.195	6081768
2697	1	1.196	6077582
2698	1	1.194	6094446
2699	1	1.194	6096494
2700	1	1.195	6098464
2701	1	1.195	6102184
2702	1	1.196	6103658
2703	1	1.196	6104792
2704	1	1.197	6107324
2705	1	1.196	6117660
2706	1	1.194	6132986
2707	1	1.196	6127136
2708	1	1.195	6134160
2709	1	1.198	6121886
2710	1	1.199	6122708
2711	1	1.199	6129978
2712	1	1.198	6137034
2713	1	1.195	6155384
2714	1	1.195	6160130
2715	1	1.196	6163386
2716	1	1.195	6168888
2717	1	1.197	6165170
2718	1	1.197	6171190
2719	1	1.197	6174116
2720	1	1.198	6174742
2721	1	1.196	6188882
2722	1	1.195	6200146
2723	1	1.195	6203708
2724	1	1.196	6202624
2725	1	1.197	6202692
2726	1	1.196	6211672
2727	1	1.196	6215210
2728	1	1.197	6215922
2729	1	1.196	6222396
2730	1	1.194	6238464
2731	1	1.195	6239156
2732	1	1.196	6238396
2733	1	1.197	6236494
2734	1	1.195	6250548
2735	1	1.195	6255666
2736	1	1.197	6252790
2737	1	1.198	6252386
2738	1	1.195	6271130
2739	1	1.195	6277778
2740	1	1.195	6279698
2741	1	1.195	6286008
2742	1	1.195	6286916
2743	1	1.196	6290048
2744	1	1.197	6288502
2745	1	1.196	6296604
2746	1	1.196	6303962
2747	1	1.196	6308134
2748	1	1.196	6311866
2749	1	1.197	6312884
2750	1	1.197	6315320
2751	1	1.197	6319742
2752	1	1.198	6319906
2753	1	1.196	6333786
2754	1	1.195	6346498
2755	1	1.195	6349588
2756	1	1.195	6352586
2757	1	1.196	6353832
2758	1	1.196	6357960
2759	1	1.197	6355386
2760	1	1.197	6362588
2761	1	1.195	6375426
2762	1	1.194	6388302
2763	1	1.195	6388134
2764	1	1.195	6392380
2765	1	1.195	6397798
2766	1	1.196	6393724
2767	1	1.196	6396822
2768	1	1.195	6407428
2769	1	1.192	6430966
2770	1	1.192	6434004
2771	1	1.192	6442020
2772	1	1.193	6436358
2773	1	1.195	6433556
2774	1	1.195	6434604
2775	1	1.197	6431328
2776	1	1.196	6439096
2777	1	1.197	6442256
2778	1	1.194	6459454
2779	1	1.196	6452598
2780	1	1.196	6459358
2781	1	1.195	6468232
2782	1	1.196	6469442
2783	1	1.197	6470784
2784	1	1.198	6468658
2785	1	1.196	6482986
2786	1	1.194	6497526
2787	1	1.193	6507776
2788	1	1.196	6499402
2789	1	1.196	6503676
2790	1	1.196	6505064
2791	1	1.197	6506552
2792	1	1.197	6510244
2793	1	1.197	6517364
2794	1	1.195	6532028
2795	1	1.195	6536854
2796	1	1.196	6535166
2797	1	1.195	6543968
2798	1	1.195	6547768
2799	1	1.196	6545980
2800	1	1.197	6549080
2801	1	1.196	6558302
2802	1	1.194	6573164
2803	1	1.194	6577572
2804	1	1.195	6576316
2805	1	1.195	6580428
2806	1	1.196	6580934
2807	1	1.196	6587928
2808	1	1.185	6652024
2809	1	1.191	6624158
2810	1	1.194	6609242
2811	1	1.195	6609788
2812	1	1.195	6615594
2813	1	1.196	6614222
2814	1	1.187	6670950
2815	1	1.197	6619590
2816	1	1.197	6621010
2817	1	1.196	6633606
2818	1	1.193	6655924
2819	1	1.196	6644544
2820	1	1.194	6655798
2821	1	1.196	6649694
2822	1	1.196	6656704
2823	1	1.197	6656224
2824	1	1.192	6686658
2825	1	1.195	6674656
2826	1	1.190	6711422
2827	1	1.190	6713978
2828	1	1.193	6702774
2829	1	1.196	6688786
2830	1	1.196	6693196
2831	1	1.197	6694582
2832	1	1.197	6698714
2833	1	1.196	6707980
2834	1	1.194	6722234
2835	1	1.195	6724844
2836	1	1.195	6726550
2837	1	1.196	6729346
2838	1	1.196	6732140
2839	1	1.196	6735058
2840	1	1.197	6738612
2841	1	1.195	6752814
2842	1	1.194	6761794
2843	1	1.195	6761954
2844	1	1.196	6763174
2845	1	1.197	6761344
2846	1	1.196	6768746
2847	1	1.197	6770408
2848	1	1.197	6775050
2849	1	1.196	6785374
2850	1	1.195	6794010
2851	1	1.195	6799218
2852	1	1.195	6801492
2853	1	1.196	6804168
2854	1	1.196	6808478
2855	1	1.197	6808396
2856	1	1.195	6821362
2857	1	1.195	6825666
2858	1	1.195	6833894
2859	1	1.195	6834874
2860	1	1.196	6836040
2861	1	1.196	6840094
2862	1	1.197	6842748
2863	1	1.197	6845116
2864	1	1.197	6849712
2865	1	1.196	6860636
2866	1	1.194	6875416
2867	1	1.195	6876614
2868	1	1.195	6879852
2869	1	1.196	6882686
2870	1	1.196	6885774
2871	1	1.197	6884296
2872	1	1.197	6888726
2873	1	1.196	6900968
2874	1	1.191	6932980
2875	1	1.191	6938518
2876	1	1.190	6947344
2877	1	1.194	6929358
2878	1	1.195	6928650
2879	1	1.195	6931972
2880	1	1.196	6933202
2881	1	1.196	6939746
2882	1	1.195	6950964
2883	1	1.195	6951410
2884	1	1.195	6955154
2885	1	1.196	6959524
2886	1	1.196	6962872
2887	1	1.197	6961548
2888	1	1.197	6964934
2889	1	1.196	6976008
2890	1	1.191	7009336
2891	1	1.195	6993966
2892	1	1.196	6993318
2893	1	1.196	6993264
2894	1	1.197	6997000
2895	1	1.197	6998468
2896	1	1.195	7016444
2897	1	1.196	7012090
2898	1	1.194	7029082
2899	1	1.195	7029424
2900	1	1.194	7039790
2901	1	1.196	7033064
2902	1	1.197	7035468
2903	1	1.197	7039000
2904	1	1.197	7040302
2905	1	1.196	7051054
2906	1	1.195	7067048
2907	1	1.195	7071186
2908	1	1.195	7075834
2909	1	1.196	7074232
2910	1	1.195	7084158
2911	1	1.197	7079142
2912	1	1.197	7081902
2913	1	1.196	7090184
2914	1	1.194	7109656
2915	1	1.194	7113144
2916	1	1.195	7112168
2917	1	1.195	7118312
2918	1	1.196	7118520
2919	1	1.196	7122814
2920	1	1.196	7124412
2921	1	1.196	7129900
2922	1	1.195	7144750
2923	1	1.195	7146058
2924	1	1.195	7151352
2925	1	1.196	7153396
2926	1	1.196	7157900
2927	1	1.197	7156422
2928	1	1.197	7156984
2929	1	1.196	7167900
2930	1	1.194	7186864
2931	1	1.195	7188960
2932	1	1.195	7193226
2933	1	1.196	7193066
2934	1	1.195	7200634
2935	1	1.195	7204112
2936	1	1.196	7206622
2937	1	1.196	7209964
2938	1	1.194	7226310
2939	1	1.194	7229812
2940	1	1.195	7229192
2941	1	1.196	7231954
2942	1	1.194	7248342
2943	1	1.196	7238918
2944	1	1.197	7240700
2945	1	1.196	7248458
2946	1	1.195	7257830
2947	1	1.195	7263398
2948	1	1.196	7266968
2949	1	1.196	7267684
2950	1	1.196	7272810
2951	1	1.197	7270918
2952	1	1.198	7273290
2953	1	1.197	7283798
2954	1	1.195	7301216
2955	1	1.195	7303892
2956	1	1.195	7311234
2957	1	1.196	7309256
2958	1	1.197	7310024
2959	1	1.196	7315448
2960	1	1.197	7314704
2961	1	1.197	7320332
2962	1	1.195	7341538
2963	1	1.194	7347648
2964	1	1.195	7352038
2965	1	1.189	7388814
2966	1	1.196	7355056
2967	1	1.196	7359058
2968	1	1.196	7361340
2969	1	1.196	7366798
2970	1	1.194	7385280
2971	1	1.195	7386408
2972	1	1.195	7387496
2973	1	1.195	7392308
2974	1	1.196	7394106
2975	1	1.196	7397518
2976	1	1.197	7399572
2977	1	1.196	7406120
2978	1	1.195	7421048
2979	1	1.195	7422620
2980	1	1.196	7423764
2981	1	1.196	7426344
2982	1	1.196	7430480
2983	1	1.197	7432528
2984	1	1.198	7430880
2985	1	1.195	7453296
2986	1	1.195	7459222
2987	1	1.195	7461060
2988	1	1.196	7463458
2989	1	1.196	7466946
2990	1	1.197	7469072
2991	1	1.197	7471778
2992	1	1.197	7473668
2993	1	1.197	7484142
2994	1	1.195	7501836
2995	1	1.195	7501452
2996	1	1.196	7505014
2997	1	1.196	7507966
2998	1	1.197	7508594
2999	1	1.197	7509030
3000	1	1.198	7512198
3001	1	1.197	7523342
3002	1	1.194	7544444
3003	1	1.194	7547546
3004	1	1.195	7550980
3005	1	1.195	7551546
3006	1	1.194	7564612
3007	1	1.194	7569192
3008	1	1.196	7563790
3009	1	1.196	7568292
3010	1	1.194	7586200
3011	1	1.194	7593446
3012	1	1.195	7592240
3013	1	1.195	7593064
3014	1	1.196	7592620
3015	1	1.196	7596488
3016	1	1.198	7590228
3017	1	1.197	7603750
3018	1	1.195	7622444
3019	1	1.195	7623528
3020	1	1.195	7629212
3021	1	1.195	7633620
3022	1	1.196	7634570
3023	1	1.194	7653570
3024	1	1.195	7648594
3025	1	1.194	7658942
3026	1	1.194	7668304
3027	1	1.195	7668168
3028	1	1.193	7680746
3029	1	1.195	7673102
3030	1	1.193	7692826
3031	1	1.196	7677298
3032	1	1.196	7681506
3033	1	1.197	7682734
3034	1	1.194	7705530
3035	1	1.195	7703968
3036	1	1.195	7713094
3037	1	1.195	7713976
3038	1	1.195	7719270
3039	1	1.196	7718378
3040	1	1.197	7717928
3041	1	1.197	7725348
3042	1	1.194	7745784
3043	1	1.195	7749414
3044	1	1.195	7750156
3045	1	1.196	7752284
3046	1	1.196	7757352
3047	1	1.196	7760706
3048	1	1.196	7764462
3049	1	1.194	7784896
3050	1	1.194	7788104
3051	1	1.194	7791112
3052	1	1.195	7792176
3053	1	1.196	7792488
3054	1	1.196	7793722
3055	1	1.197	7796820
3056	1	1.197	7800622
3057	1	1.196	7811404
3058	1	1.194	7826728
3059	1	1.195	7829840
3060	1	1.194	7839252
3061	1	1.196	7832656
3062	1	1.196	7834706
3063	1	1.197	7837424
3064	1	1.197	7841396
3065	1	1.191	7885592
3066	1	1.195	7865312
3067	1	1.196	7864718
3068	1	1.195	7872162
3069	1	1.196	7872672
3070	1	1.196	7876626
3071	1	1.196	7880338
3072	1	1.196	7890328
3073	1	1.195	7900140
3074	1	1.194	7909038
3075	1	1.193	7925442
3076	1	1.195	7915020
3077	1	1.196	7916548
3078	1	1.196	7920446
3079	1	1.196	7923650
3080	1	1.196	7928448
3081	1	1.196	7936878
3082	1	1.195	7948288
3083	1	1.195	7952008
3084	1	1.195	7955422
3085	1	1.196	7957046
3086	1	1.196	7960666
3087	1	1.197	7960158
3088	1	1.196	7972668
3089	1	1.197	7970612
3090	1	1.194	7993042
3091	1	1.194	7996126
3092	1	1.195	7996656
3093	1	1.196	7994586
3094	1	1.197	7997816
3095	1	1.196	8008030
3096	1	1.196	8013184
3097	1	1.194	8029066
3098	1	1.194	8035884
3099	1	1.194	8041658
3100	1	1.195	8040518
3101	1	1.196	8040496
3102	1	1.196	8042012
3103	1	1.197	8042672
3104	1	1.198	8043036
3105	1	1.197	8052904
3106	1	1.195	8070102
3107	1	1.195	8072846
3108	1	1.196	8074516
3109	1	1.196	8078480
3110	1	1.197	8079204
3111	1	1.198	8075260
3112	1	1.197	8087598
3113	1	1.197	8095272
3114	1	1.195	8108894
3115	1	1.196	8110256
3116	1	1.196	8115188
3117	1	1.197	8116912
3118	1	1.197	8117294
3119	1	1.197	8127022
3120	1	1.197	8128294
3121	1	1.194	8155316
3122	1	1.194	8158672
3123	1	1.195	8160904
3124	1	1.195	8166030
3125	1	1.196	8162514
3126	1	1.195	8171486
3127	1	1.196	8173352
3128	1	1.197	8174540
3129	1	1.197	8179726
3130	1	1.195	8198740
3131	1	1.195	8203504
3132	1	1.195	8206144
3133	1	1.196	8206500
3134	1	1.196	8210966
3135	1	1.196	8212114
3136	1	1.197	8214096
3137	1	1.197	8218024
3138	1	1.194	8241080
3139	1	1.195	8245026
3140	1	1.196	8244532
3141	1	1.196	8244922
3142	1	1.197	8244722
3143	1	1.196	8256086
3144	1	1.197	8258384
3145	1	1.197	8262906
3146	1	1.195	8280820
3147	1	1.195	8284718
3148	1	1.195	8293508
3149	1	1.195	8293502
3150	1	1.196	8292028
3151	1	1.198	8285636
3152	1	1.197	8296880
3153	1	1.195	8313410
3154	1	1.195	8320440
3155	1	1.192	8346712
3156	1	1.194	8338900
3157	1	1.193	8352012
3158	1	1.195	8344428
3159	1	1.196	8339288
3160	1	1.197	8341214
3161	1	1.196	8349794
3162	1	1.195	8364908
3163	1	1.195	8366684
3164	1	1.194	8380770
3165	1	1.195	8378102
3166	1	1.194	8391288
3167	1	1.196	8382014
3168	1	1.196	8385636
3169	1	1.197	8389954
3170	1	1.194	8411688
3171	1	1.194	8417112
3172	1	1.195	8416688
3173	1	1.195	8421714
3174	1	1.196	8422718
3175	1	1.197	8420574
3176	1	1.198	8418232
3177	1	1.196	8433362
3178	1	1.195	8448170
3179	1	1.195	8454020
3180	1	1.195	8461566
3181	1	1.195	8462286
3182	1	1.196	8463820
3183	1	1.196	8465802
3184	1	1.196	8474086
3185	1	1.196	8479592
3186	1	1.195	8491248
3187	1	1.195	8496446
3188	1	1.195	8499450
3189	1	1.196	8502120
3190	1	1.196	8503026
3191	1	1.193	8535718
3192	1	1.197	8510228
3193	1	1.197	8516150
3194	1	1.195	8534262
3195	1	1.190	8571970
3196	1	1.195	8545338
3197	1	1.196	8542074
3198	1	1.196	8548782
3199	1	1.197	8545046
3200	1	1.198	8545582
3201	1	1.196	8562082
3202	1	1.194	8582624
3203	1	1.195	8579384
3204	1	1.195	8589112
3205	1	1.195	8590380
3206	1	1.196	8594638
3207	1	1.196	8594414
3208	1	1.198	8587182
3209	1	1.197	8600756
3210	1	1.195	8623166
3211	1	1.195	8623856
3212	1	1.196	8625830
3213	1	1.195	8633538
3214	1	1.196	8632392
3215	1	1.197	8631916
3216	1	1.196	8644432
3217	1	1.197	8643654
3218	1	1.195	8664928
3219	1	1.195	8671020
3220	1	1.196	8668054
3221	1	1.195	8677532
3222	1	1.196	8679036
3223	1	1.196	8679570
3224	1	1.196	8684800
3225	1	1.196	8691726
3226	1	1.195	8705814
3227	1	1.193	8723316
3228	1	1.197	8705990
3229	1	1.196	8713522
3230	1	1.197	8711694
3231	1	1.198	8714318
3232	1	1.197	8723660
3233	1	1.196	8734482
3234	1	1.195	8747534
3235	1	1.196	8746496
3236	1	1.195	8760398
3237	1	1.195	8764810
3238	1	1.196	8760672
3239	1	1.197	8763990
3240	1	1.197	8769032
3241	1	1.196	8777362
3242	1	1.195	8795406
3243	1	1.196	8793000
3244	1	1.197	8789522
3245	1	1.198	8788322
3246	1	1.196	8808004
3247	1	1.197	8801866
3248	1	1.197	8809424
3249	1	1.196	8822080
3250	1	1.194	8842002
3251	1	1.196	8837792
3252	1	1.195	8844726
3253	1	1.193	8867544
3254	1	1.196	8848370
3255	1	1.197	8848808
3256	1	1.197	8856266
3257	1	1.196	8864036
3258	1	1.196	8875898
3259	1	1.195	8884024
3260	1	1.196	8886406
3261	1	1.196	8889192
3262	1	1.196	8893404
3263	1	1.196	8896454
3264	1	1.197	8896528
3265	1	1.196	8908152
3266	1	1.194	8929702
3267	1	1.195	8927760
3268	1	1.195	8931020
3269	1	1.196	8932578
3270	1	1.196	8936538
3271	1	1.197	8936568
3272	1	1.197	8944418
3273	1	1.196	8955740
3274	1	1.195	8969200
3275	1	1.195	8969060
3276	1	1.196	8973372
3277	1	1.196	8978252
3278	1	1.197	8977122
3279	1	1.197	8978878
3280	1	1.197	8986410
3281	1	1.195	9003516
3282	1	1.195	9013926
3283	1	1.194	9021532
3284	1	1.196	9017240
3285	1	1.195	9024444
3286	1	1.196	9025056
3287	1	1.194	9049194
3288	1	1.196	9033152
3289	1	1.197	9038156
3290	1	1.191	9086716
3291	1	1.195	9061654
3292	1	1.197	9054568
3293	1	1.196	9066488
3294	1	1.196	9068360
3295	1	1.198	9059084
3296	1	1.197	9069826
3297	1	1.196	9084068
3298	1	1.195	9101718
3299	1	1.195	9104316
3300	1	1.195	9109236
3301	1	1.195	9112468
3302	1	1.196	9114954
3303	1	1.196	9119644
3304	1	1.197	9115096
3305	1	1.196	9133422
3306	1	1.195	9145450
3307	1	1.195	9146072
3308	1	1.196	9148110
3309	1	1.196	9150600
3310	1	1.196	9156854
3311	1	1.197	9159356
3312	1	1.197	9162284
3313	1	1.195	9179712
3314	1	1.195	9190316
3315	1	1.196	9189272
3316	1	1.196	9194906
3317	1	1.196	9194464
3318	1	1.196	9201042
3319	1	1.196	9204006
3320	1	1.197	9206924
3321	1	1.195	9226492
3322	1	1.195	9233350
3323	1	1.195	9236418
3324	1	1.195	9239900
3325	1	1.196	9241708
3326	1	1.196	9244744
3327	1	1.197	9247044
3328	1	1.197	9250546
3329	1	1.197	9257462
3330	1	1.194	9284318
3331	1	1.196	9278072
3332	1	1.196	9281166
3333	1	1.196	9287334
3334	1	1.196	9292866
3335	1	1.197	9290378
3336	1	1.197	9292780
3337	1	1.197	9302718
3338	1	1.194	9329602
3339	1	1.196	9321372
3340	1	1.195	9329142
3341	1	1.196	9328698
3342	1	1.197	9329256
3343	1	1.196	9342928
3344	1	1.197	9342066
3345	1	1.196	9351450
3346	1	1.195	9363122
3347	1	1.196	9365362
3348	1	1.196	9366718
3349	1	1.196	9371556
3350	1	1.197	9373492
3351	1	1.197	9375926
3352	1	1.198	9379418
3353	1	1.197	9392938
3354	1	1.195	9407690
3355	1	1.195	9412808
3356	1	1.196	9414134
3357	1	1.197	9415476
3358	1	1.197	9419616
3359	1	1.197	9421884
3360	1	1.198	9424078
3361	1	1.196	9443896
3362	1	1.195	9453088
3363	1	1.195	9458058
3364	1	1.195	9464778
3365	1	1.196	9465826
3366	1	1.196	9467262
3367	1	1.197	9469014
3368	1	1.197	9472324
3369	1	1.197	9480938
3370	1	1.195	9501996
3371	1	1.195	9505456
3372	1	1.195	9514114
3373	1	1.192	9538976
3374	1	1.195	9519792
3375	1	1.197	9514672
3376	1	1.197	9519018
3377	1	1.197	9526610
3378	1	1.195	9545044
3379	1	1.196	9547586
3380	1	1.195	9553982
3381	1	1.196	9558852
3382	1	1.197	9552618
3383	1	1.196	9568438
3384	1	1.196	9570864
3385	1	1.194	9596492
3386	1	1.194	9598392
3387	1	1.194	9601324
3388	1	1.195	9603426
3389	1	1.195	9604742
3390	1	1.195	9617210
3391	1	1.197	9606956
3392	1	1.196	9615250
3393	1	1.195	9634982
3394	1	1.194	9646742
3395	1	1.194	9648028
3396	1	1.195	9650524
3397	1	1.195	9651936
3398	1	1.195	9658338
3399	1	1.196	9658422
3400	1	1.196	9658796
3401	1	1.194	9682398
3402	1	1.194	9688108
3403	1	1.195	9690234
3404	1	1.195	9694298
3405	1	1.195	9698988
3406	1	1.196	9699698
3407	1	1.194	9722124
3408	1	1.196	9708348
3409	1	1.195	9724028
3410	1	1.193	9741028
3411	1	1.196	9725564
3412	1	1.196	9730326
3413	1	1.196	9737704
3414	1	1.196	9738476
3415	1	1.197	9738172
3416	1	1.197	9742244
3417	1	1.195	9764868
3418	1	1.195	9770468
3419	1	1.195	9776796
3420	1	1.196	9779334
3421	1	1.196	9780680
3422	1	1.197	9783818
3423	1	1.197	9786440
3424	1	1.197	9792898
3425	1	1.196	9808262
3426	1	1.195	9818366
3427	1	1.195	9821442
3428	1	1.196	9820726
3429	1	1.196	9825910
3430	1	1.197	9828290
3431	1	1.197	9829622
3432	1	1.198	9832764
3433	1	1.196	9847602
3434	1	1.196	9857098
3435	1	1.195	9868690
3436	1	1.196	9870838
3437	1	1.197	9865582
3438	1	1.197	9874616
3439	1	1.198	9873086
3440	1	1.197	9881256
3441	1	1.196	9893986
3442	1	1.195	9912988
3443	1	1.195	9914262
3444	1	1.196	9915172
3445	1	1.197	9915482
3446	1	1.197	9918398
3447	1	1.197	9926930
3448	1	1.197	9931260
3449	1	1.196	9941262
3450	1	1.195	9960594
3451	1	1.195	9965474
3452	1	1.195	9965722
3453	1	1.196	9969098
3454	1	1.196	9971062
3455	1	1.196	9975154
3456	1	1.197	9977024
3457	1	1.196	9987744
3458	1	1.197	9983964
3459	1	1.196	10004850
3460	1	1.196	10009612
3461	1	1.196	10015266
3462	1	1.196	10017912
3463	1	1.196	10020302
3464	1	1.199	10006690
3465	1	1.195	10042078
3466	1	1.194	10055516
3467	1	1.195	10056492
3468	1	1.195	10063528
3469	1	1.196	10060096
3470	1	1.194	10080242
3471	1	1.196	10066430
3472	1	1.195	10081810
3473	1	1.193	10110712
3474	1	1.195	10097586
3475	1	1.195	10100262
3476	1	1.195	10105212
3477	1	1.196	10108286
3478	1	1.196	10114840
3479	1	1.196	10115992
3480	1	1.198	10108570
3481	1	1.196	10126868
3482	1	1.195	10140390
3483	1	1.195	10146070
3484	1	1.196	10149372
3485	1	1.196	10150848
3486	1	1.196	10155884
3487	1	1.197	10157404
3488	1	1.197	10160808
3489	1	1.196	10172358
3490	1	1.196	10180528
3491	1	1.197	10181812
3492	1	1.197	10184068
3493	1	1.197	10193030
3494	1	1.194	10222894
3495	1	1.198	10193680
3496	1	1.198	10197156
3497	1	1.196	10223476
3498	1	1.195	10236996
3499	1	1.195	10242974
3500	1	1.195	10244822
3501	1	1.196	10248398
3502	1	1.196	10254158
3503	1	1.197	10249788
3504	1	1.197	10257264
3505	1	1.195	10277302
3506	1	1.193	10299168
3507	1	1.195	10284874
3508	1	1.196	10286108
3509	1	1.195	10303090
3510	1	1.197	10289216
3511	1	1.197	10292026
3512	1	1.197	10297488
3513	1	1.196	10319776
3514	1	1.194	10337072
3515	1	1.194	10347276
3516	1	1.195	10341868
3517	1	1.195	10344502
3518	1	1.196	10346588
3519	1	1.196	10350824
3520	1	1.196	10357782
3521	1	1.197	10356336
3522	1	1.195	10379292
3523	1	1.195	10382292
3524	1	1.195	10385040
3525	1	1.196	10389172
3526	1	1.196	10391010
3527	1	1.197	10393434
3528	1	1.197	10396968
3529	1	1.196	10414282
3530	1	1.191	10455606
3531	1	1.194	10441690
3532	1	1.196	10431424
3533	1	1.196	10436028
3534	1	1.196	10436842
3535	1	1.197	10439774
3536	1	1.197	10441010
3537	1	1.195	10465656
3538	1	1.196	10463542
3539	1	1.196	10466752
3540	1	1.197	10470020
3541	1	1.197	10471408
3542	1	1.197	10473904
3543	1	1.197	10479790
3544	1	1.198	10478032
3545	1	1.194	10523046
3546	1	1.196	10513540
3547	1	1.196	10516414
3548	1	1.197	10517314
3549	1	1.197	10521948
3550	1	1.197	10524932
3551	1	1.198	10526330
3552	1	1.198	10530606
3553	1	1.196	10549224
3554	1	1.194	10572838
3555	1	1.195	10571198
3556	1	1.195	10575658
3557	1	1.197	10569256
3558	1	1.197	10572494
3559	1	1.194	10606588
3560	1	1.195	10600764
3561	1	1.193	10624398
3562	1	1.195	10613738
3563	1	1.195	10616668
3564	1	1.195	10622512
3565	1	1.196	10625148
3566	1	1.196	10631006
3567	1	1.194	10651408
3568	1	1.192	10679434
3569	1	1.194	10667298
3570	1	1.195	10658714
3571	1	1.196	10661382
3572	1	1.196	10663650
3573	1	1.196	10667370
3574	1	1.196	10673192
3575	1	1.197	10672008
3576	1	1.197	10676496
3577	1	1.196	10695440
3578	1	1.195	10712650
3579	1	1.195	10713880
3580	1	1.196	10711870
3581	1	1.196	10717142
3582	1	1.196	10726588
3583	1	1.197	10721446
3584	1	1.196	10738646
3585	1	1.197	10737000
3586	1	1.194	10767066
3587	1	1.193	10778468
3588	1	1.196	10759568
3589	1	1.195	10776236
3590	1	1.196	10775300
3591	1	1.196	10778282
3592	1	1.197	10775662
3593	1	1.196	10793488
3594	1	1.195	10806080
3595	1	1.195	10810790
3596	1	1.195	10814592
3597	1	1.196	10815504
3598	1	1.196	10824582
3599	1	1.196	10822704
3600	1	1.196	10832334
3601	1	1.193	10867138
3602	1	1.194	10861664
3603	1	1.195	10863816
3604	1	1.195	10869782
3605	1	1.196	10866762
3606	1	1.196	10869902
3607	1	1.197	10868730
3608	1	1.197	10872352
3609	1	1.194	10906376
3610	1	1.195	10905144
3611	1	1.195	10905666
3612	1	1.195	10914506
3613	1	1.195	10921574
3614	1	1.196	10917970
3615	1	1.196	10919792
3616	1	1.195	10936926
3617	1	1.194	10949652
3618	1	1.194	10960786
3619	1	1.194	10963502
3620	1	1.194	10976176
3621	1	1.195	10968926
3622	1	1.195	10973688
3623	1	1.196	10975142
3624	1	1.197	10971992
3625	1	1.193	11008314
3626	1	1.194	11010810
3627	1	1.194	11012540
3628	1	1.191	11050230
3629	1	1.195	11019488
3630	1	1.196	11018438
3631	1	1.195	11025138
3632	1	1.197	11020536
3633	1	1.194	11054454
3634	1	1.194	11061428
3635	1	1.194	11061650
3636	1	1.195	11061228
3637	1	1.195	11069606
3638	1	1.195	11073298
3639	1	1.196	11072976
3640	1	1.193	11099090
3641	1	1.191	11127820
3642	1	1.189	11150668
3643	1	1.192	11130598
3644	1	1.193	11131902
3645	1	1.194	11123498
3646	1	1.194	11129114
3647	1	1.195	11128342
3648	1	1.195	11136654
3649	1	1.193	11157986
3650	1	1.192	11172632
3651	1	1.192	11177762
3652	1	1.194	11167232
3653	1	1.194	11170490
3654	1	1.195	11174424
3655	1	1.192	11204998
3656	1	1.188	11245224
3657	1	1.189	11248442
3658	1	1.189	11251552
3659	1	1.193	11214664
3660	1	1.194	11219426
3661	1	1.193	11227136
3662	1	1.194	11225508
3663	1	1.195	11223564
3664	1	1.195	11233512
3665	1	1.193	11251984
3666	1	1.193	11258654
3667	1	1.195	11253572
3668	1	1.195	11257098
3669	1	1.195	11265918
3670	1	1.195	11271312
3671	1	1.195	11272938
3672	1	1.192	11303912
3673	1	1.193	11301516
3674	1	1.193	11310126
3675	1	1.194	11311444
3676	1	1.192	11330938
3677	1	1.196	11303656
3678	1	1.196	11311396
3679	1	1.195	11324726
3680	1	1.194	11337296
3681	1	1.192	11363586
3682	1	1.192	11374152
3683	1	1.192	11380586
3684	1	1.194	11364910
3685	1	1.195	11359344
3686	1	1.196	11360752
3687	1	1.196	11361250
3688	1	1.196	11367084
3689	1	1.194	11390452
3690	1	1.194	11402236
3691	1	1.194	11409306
3692	1	1.195	11406142
3693	1	1.194	11421256
3694	1	1.195	11411910
3695	1	1.195	11419918
3696	1	1.192	11452508
3697	1	1.194	11441770
3698	1	1.194	11450722
3699	1	1.194	11453912
3700	1	1.194	11462726
3701	1	1.195	11454834
3702	1	1.195	11463552
3703	1	1.195	11467510
3704	1	1.196	11464668
3705	1	1.195	11486380
3706	1	1.194	11497052
3707	1	1.194	11505520
3708	1	1.195	11502248
3709	1	1.195	11511412
3710	1	1.192	11541188
3711	1	1.195	11520122
3712	1	1.196	11521592
3713	1	1.192	11560176
3714	1	1.194	11546910
3715	1	1.194	11551154
3716	1	1.194	11557250
3717	1	1.195	11559948
3718	1	1.195	11565440
3719	1	1.196	11563402
3720	1	1.195	11573324
3721	1	1.191	11620346
3722	1	1.192	11619374
3723	1	1.192	11625410
3724	1	1.194	11611298
3725	1	1.192	11639058
3726	1	1.193	11637074
3727	1	1.194	11632298
3728	1	1.195	11623792
3729	1	1.194	11645746
3730	1	1.193	11655908
3731	1	1.195	11649358
3732	1	1.195	11650610
3733	1	1.195	11655608
3734	1	1.195	11661610
3735	1	1.196	11663582
3736	1	1.196	11665936
3737	1	1.194	11697254
3738	1	1.192	11723018
3739	1	1.193	11710622
3740	1	1.194	11710950
3741	1	1.193	11724574
3742	1	1.193	11734402
3743	1	1.196	11707028
3744	1	1.196	11714028
3745	1	1.193	11750368
3746	1	1.194	11750284
3747	1	1.194	11756794
3748	1	1.194	11763174
3749	1	1.196	11752792
3750	1	1.194	11769862
3751	1	1.194	11778566
3752	1	1.195	11776046
3753	1	1.192	11813836
3754	1	1.191	11825194
3755	1	1.192	11824328
3756	1	1.192	11828080
3757	1	1.195	11807468
3758	1	1.195	11818932
3759	1	1.195	11825112
3760	1	1.195	11825554
3761	1	1.193	11851476
3762	1	1.194	11853566
3763	1	1.193	11867770
3764	1	1.194	11863602
3765	1	1.194	11867420
3766	1	1.195	11863490
3767	1	1.194	11877252
3768	1	1.196	11870190
3769	1	1.194	11893098
3770	1	1.192	11918436
3771	1	1.193	11917334
3772	1	1.196	11896070
3773	1	1.195	11906168
3774	1	1.194	11928792
3775	1	1.192	11948062
3776	1	1.195	11925512
3777	1	1.193	11953142
3778	1	1.193	11960648
3779	1	1.195	11949556
3780	1	1.194	11964020
3781	1	1.194	11969010
3782	1	1.195	11969300
3783	1	1.196	11963494
3784	1	1.196	11970544
3785	1	1.191	12021902
3786	1	1.194	12004660
3787	1	1.195	12002730
3788	1	1.192	12031514
3789	1	1.192	12039624
3790	1	1.193	12037732
3791	1	1.193	12046554
3792	1	1.196	12024092
3793	1	1.193	12053794
3794	1	1.194	12056828
3795	1	1.194	12058480
3796	1	1.194	12063624
3797	1	1.194	12074544
3798	1	1.192	12095118
3799	1	1.194	12087056
3800	1	1.193	12102810
3801	1	1.192	12115348
3802	1	1.194	12099140
3803	1	1.195	12102786
3804	1	1.192	12139330
3805	1	1.194	12117646
3806	1	1.195	12114958
3807	1	1.196	12118274
3808	1	1.196	12125388
3809	1	1.194	12147718
3810	1	1.193	12166108
3811	1	1.193	12170532
3812	1	1.194	12162172
3813	1	1.196	12157550
3814	1	1.195	12165270
3815	1	1.195	12172998
3816	1	1.195	12182050
3817	1	1.193	12212508
3818	1	1.194	12209138
3819	1	1.194	12212266
3820	1	1.193	12227972
3821	1	1.195	12218374
3822	1	1.194	12227258
3823	1	1.196	12219340
3824	1	1.195	12232138
3825	1	1.194	12252636
3826	1	1.193	12263188
3827	1	1.191	12295638
3828	1	1.191	12296176
3829	1	1.192	12298386
3830	1	1.192	12301066
3831	1	1.192	12306610
3832	1	1.195	12282262
3833	1	1.193	12311480
3834	1	1.195	12296060
3835	1	1.194	12310218
3836	1	1.194	12315724
3837	1	1.195	12316368
3838	1	1.195	12326428
3839	1	1.196	12324126
3840	1	1.196	12325368
3841	1	1.194	12354924
3842	1	1.194	12357058
3843	1	1.194	12363450
3844	1	1.193	12383670
3845	1	1.193	12391180
3846	1	1.194	12386634
3847	1	1.195	12385096
3848	1	1.195	12383196
3849	1	1.194	12408398
3850	1	1.191	12443800
3851	1	1.191	12443940
3852	1	1.189	12471006
3853	1	1.192	12450522
3854	1	1.192	12453782
3855	1	1.195	12427618
3856	1	1.196	12430602
3857	1	1.194	12457914
3858	1	1.195	12452320
3859	1	1.195	12456348
3860	1	1.193	12489648
3861	1	1.195	12466912
3862	1	1.195	12476602
3863	1	1.193	12500916
3864	1	1.194	12504404
3865	1	1.192	12524522
3866	1	1.193	12521512
3867	1	1.194	12523598
3868	1	1.194	12531796
3869	1	1.194	12536974
3870	1	1.170	12800510
3871	1	1.195	12536480
3872	1	1.194	12549012
3873	1	1.190	12601658
3874	1	1.190	12613440
3875	1	1.184	12683164
3876	1	1.190	12625290
3877	1	1.191	12615710
3878	1	1.181	12727972
3879	1	1.191	12628734
3880	1	1.192	12624326
3881	1	1.191	12639722
3882	1	1.191	12646910
3883	1	1.189	12673890
3884	1	1.191	12663610
3885	1	1.191	12670302
3886	1	1.191	12675642
3887	1	1.192	12669764
3888	1	1.176	12850780
3889	1	1.191	12695414
3890	1	1.193	12680050
3891	1	1.195	12666174
3892	1	1.195	12670872
3893	1	1.195	12677182
3894	1	1.194	12691298
3895	1	1.195	12687568
3896	1	1.192	12727524
3897	1	1.193	12729510
3898	1	1.190	12768520
3899	1	1.194	12728648
3900	1	1.195	12729168
3901	1	1.189	12791984
3902	1	1.190	12791408
3903	1	1.191	12786530
3904	1	1.192	12779768
3905	1	1.191	12800536
3906	1	1.191	12805340
3907	1	1.189	12838670
3908	1	1.190	12827618
3909	1	1.192	12817182
3910	1	1.191	12834096
3911	1	1.192	12832412
3912	1	1.194	12814630
3913	1	1.194	12823676
3914	1	1.194	12827844
3915	1	1.193	12845968
3916	1	1.191	12870176
3917	1	1.192	12869034
3918	1	1.191	12882984
3919	1	1.192	12876538
3920	1	1.192	12893254
3921	1	1.185	12969088
3922	1	1.190	12922374
3923	1	1.192	12911364
3924	1	1.190	12939600
3925	1	1.195	12887938
3926	1	1.189	12957472
3927	1	1.192	12930342
3928	1	1.193	12926042
3929	1	1.187	13005760
3930	1	1.191	12963224
3931	1	1.188	13009492
3932	1	1.192	12971582
3933	1	1.194	12948974
3934	1	1.192	12982322
3935	1	1.177	13149706
3936	1	1.195	12964192
3937	1	1.183	13103948
3938	1	1.185	13086472
3939	1	1.190	13035054
3940	1	1.194	13002394
3941	1	1.190	13043466
3942	1	1.186	13098386
3943	1	1.191	13056000
3944	1	1.194	13020490
3945	1	1.193	13043450
3946	1	1.187	13117554
3947	1	1.185	13140472
3948	1	1.190	13089560
3949	1	1.194	13052372
3950	1	1.192	13089908
3951	1	1.193	13086812
3952	1	1.192	13095540
3953	1	1.194	13085306
3954	1	1.181	13233242
3955	1	1.192	13124224
3956	1	1.194	13103472
3957	1	1.191	13142320
3958	1	1.189	13175364
3959	1	1.192	13146668
3960	1	1.191	13159390
3961	1	1.189	13189814
3962	1	1.191	13179222
3963	1	1.191	13184416
3964	1	1.194	13156224
3965	1	1.190	13202404
3966	1	1.189	13225554
3967	1	1.192	13194884
3968	1	1.191	13217518
3969	1	1.191	13220718
3970	1	1.190	13245858
3971	1	1.191	13238728
3972	1	1.192	13229826
3973	1	1.191	13251726
3974	1	1.191	13260154
3975	1	1.192	13248770
3976	1	1.190	13282596
3977	1	1.184	13352360
3978	1	1.189	13300582
3979	1	1.187	13330762
3980	1	1.191	13292172
3981	1	1.187	13351878
3982	1	1.113	14240889
3983	1	1.195	13267932
3984	1	1.196	13269462
3985	1	1.193	13312572
3986	1	1.191	13337924
3987	1	1.192	13333226
3988	1	1.194	13319002
3989	1	1.192	13348154
3990	1	1.194	13333812
3991	1	1.194	13337290
3992	1	1.194	13344104
3993	1	1.192	13371638
3994	1	1.192	13374040
3995	1	1.195	13357254
3996	1	1.195	13362286
3997	1	1.193	13382566
3998	1	1.193	13396556
3999	1	1.193	13396580
4000	1	1.196	13371692
